Car -1 -1 -10.0000 -1.00 -1.00 -1.00 -1.00 2.605 3.339 7.933 41.925 9.422 0.470 2.8485 0.9900
Car -1 -1 -10.0000 -1.00 -1.00 -1.00 -1.00 2.212 1.564 1.491 35.258 9.250 0.354 1.1555 0.7499
Car -1 -1 -10.0000 -1.00 -1.00 -1.00 -1.00 2.622 2.848 15.558 21.259 9.204 -0.080 3.0852 0.9900
Car -1 -1 -10.0000 -1.00 -1.00 -1.00 -1.00 1.081 1.603 0.701 18.840 11.843 0.435 1.5677 0.5969
Car -1 -1 -10.0000 -1.00 -1.00 -1.00 -1.00 2.149 5.717 12.866 6.951 11.118 -0.317 -3.0156 0.9900
Car -1 -1 -10.0000 -1.00 -1.00 -1.00 -1.00 1.757 2.266 4.758 1.687 2.673 -0.521 -3.1182 0.9900
Car -1 -1 -10.0000 -1.00 -1.00 -1.00 -1.00 1.991 3.245 2.696 3.486 11.308 -0.325 2.5854 0.9900
Car -1 -1 -10.0000 -1.00 -1.00 -1.00 -1.00 0.630 0.224 0.938 4.896 14.031 0.404 -3.1262 0.5953
Car -1 -1 -10.0000 -1.00 -1.00 -1.00 -1.00 2.044 1.589 0.083 0.521 12.852 -0.357 1.5832 0.6522
Car -1 -1 -10.0000 -1.00 -1.00 -1.00 -1.00 2.315 2.550 4.589 -0.663 28.289 0.053 -2.9872 0.9900
Car -1 -1 -10.0000 -1.00 -1.00 -1.00 -1.00 2.469 17.167 16.195 -6.786 17.235 -0.164 0.9018 0.9900
Car -1 -1 -10.0000 -1.00 -1.00 -1.00 -1.00 2.243 2.746 3.666 -17.912 8.749 -0.268 3.0757 0.9900
Car -1 -1 -10.0000 -1.00 -1.00 -1.00 -1.00 2.013 2.683 7.446 -26.187 11.150 0.292 -3.1023 0.9900
Car -1 -1 -10.0000 -1.00 -1.00 -1.00 -1.00 2.922 11.976 2.902 -42.646 10.516 0.281 1.5352 0.9900
Car -1 -1 -10.0000 -1.00 -1.00 -1.00 -1.00 3.267 1.549 1.171 -58.965 -4.034 0.590 2.2594 0.5469
Car -1 -1 -10.0000 -1.00 -1.00 -1.00 -1.00 3.492 1.629 1.142 -57.624 -5.792 0.438 2.2350 0.5704
Car -1 -1 -10.0000 -1.00 -1.00 -1.00 -1.00 3.305 7.029 3.243 -48.540 -7.339 0.272 1.4970 0.9900
Car -1 -1 -10.0000 -1.00 -1.00 -1.00 -1.00 3.456 4.732 4.772 -55.475 -12.548 0.492 -2.3996 0.9900
Car -1 -1 -10.0000 -1.00 -1.00 -1.00 -1.00 2.392 2.298 24.710 -10.610 -7.386 -0.203 3.1378 0.9900
Pedestrian -1 -1 -10.0000 -1.00 -1.00 -1.00 -1.00 1.825 0.162 0.213 -6.795 -4.155 -0.435 -2.5715 0.6570
Car -1 -1 -10.0000 -1.00 -1.00 -1.00 -1.00 0.532 1.030 0.508 -5.259 -9.564 0.318 2.0926 0.6941
Car -1 -1 -10.0000 -1.00 -1.00 -1.00 -1.00 0.367 3.393 1.978 -1.513 -15.526 0.609 2.0950 0.7244
Car -1 -1 -10.0000 -1.00 -1.00 -1.00 -1.00 0.608 2.229 1.838 -1.232 -12.474 0.335 2.3419 0.7352
Car -1 -1 -10.0000 -1.00 -1.00 -1.00 -1.00 2.445 14.313 5.935 5.040 -17.319 -0.177 1.9281 0.9900
Car -1 -1 -10.0000 -1.00 -1.00 -1.00 -1.00 2.375 7.062 18.786 11.817 -9.775 -0.212 3.1211 0.9900
Car -1 -1 -10.0000 -1.00 -1.00 -1.00 -1.00 0.453 0.487 0.165 15.476 -10.733 0.625 1.7908 0.4182
Pedestrian -1 -1 -10.0000 -1.00 -1.00 -1.00 -1.00 1.885 0.774 0.571 21.445 -10.018 0.079 2.2022 0.6826
Car -1 -1 -10.0000 -1.00 -1.00 -1.00 -1.00 2.477 0.933 2.292 23.638 -7.740 -0.156 -2.8621 0.7880
Car -1 -1 -10.0000 -1.00 -1.00 -1.00 -1.00 2.778 1.252 4.251 31.701 -8.154 -0.008 -2.9324 0.9464
Car -1 -1 -10.0000 -1.00 -1.00 -1.00 -1.00 3.143 0.971 8.737 41.299 -7.902 0.201 -3.0645 0.9900
Car -1 -1 -10.0000 -1.00 -1.00 -1.00 -1.00 3.063 0.436 2.141 49.631 -7.804 0.408 -2.9966 0.5882
Car -1 -1 -10.0000 -1.00 -1.00 -1.00 -1.00 3.269 5.357 3.225 53.478 -2.880 0.402 1.3053 0.9900
Car -1 -1 -10.0000 -1.00 -1.00 -1.00 -1.00 2.670 0.826 1.859 47.306 8.217 0.522 -2.9714 0.5305
Pedestrian -1 -1 -10.0000 -1.00 -1.00 -1.00 -1.00 2.097 1.018 0.095 0.490 15.766 -0.323 1.5344 0.5194
Car -1 -1 -10.0000 -1.00 -1.00 -1.00 -1.00 2.883 0.951 0.961 -53.764 4.892 0.238 1.3086 0.4847
Car -1 -1 -10.0000 -1.00 -1.00 -1.00 -1.00 2.963 2.159 2.759 -54.036 -4.273 0.240 2.0310 0.9525
Car -1 -1 -10.0000 -1.00 -1.00 -1.00 -1.00 3.129 0.257 1.419 51.661 -7.710 0.411 -3.0641 0.4114
Car -1 -1 -10.0000 -1.00 -1.00 -1.00 -1.00 2.638 1.159 0.506 -52.239 -13.410 0.117 1.7237 0.4514
Car -1 -1 -10.0000 -1.00 -1.00 -1.00 -1.00 3.119 0.170 1.161 56.033 -7.742 0.581 -3.0872 0.3845
Car -1 -1 -10.0000 -1.00 -1.00 -1.00 -1.00 1.076 1.764 3.228 -10.621 16.336 -0.026 -2.6782 0.8021
Car -1 -1 -10.0000 -1.00 -1.00 -1.00 -1.00 1.881 1.933 0.531 -12.795 13.880 -0.436 1.6048 0.7313
Car -1 -1 -10.0000 -1.00 -1.00 -1.00 -1.00 3.269 0.241 1.850 53.714 -7.700 0.421 3.1179 0.4337
Car -1 -1 -10.0000 -1.00 -1.00 -1.00 -1.00 1.747 1.174 1.014 -55.837 -2.972 -0.104 -2.4193 0.4523
Car -1 -1 -10.0000 -1.00 -1.00 -1.00 -1.00 1.629 1.813 4.193 -7.709 4.854 -0.585 -2.8853 0.9064
Car -1 -1 -10.0000 -1.00 -1.00 -1.00 -1.00 1.668 4.346 1.157 -33.949 10.703 -0.516 1.7117 0.8236
Car -1 -1 -10.0000 -1.00 -1.00 -1.00 -1.00 3.158 0.643 0.957 -47.743 5.255 0.246 2.9781 0.4067
Car -1 -1 -10.0000 -1.00 -1.00 -1.00 -1.00 1.450 2.394 4.222 -21.213 4.108 -0.674 -2.7207 0.9443
Car -1 -1 -10.0000 -1.00 -1.00 -1.00 -1.00 0.959 0.936 0.839 -50.586 -11.684 -0.680 2.3265 0.4049
Car -1 -1 -10.0000 -1.00 -1.00 -1.00 -1.00 1.316 1.854 3.272 -18.284 -2.751 -0.715 -3.0749 0.8330
Car -1 -1 -10.0000 -1.00 -1.00 -1.00 -1.00 0.904 1.182 4.006 -27.784 8.804 -0.891 -3.1033 0.7205
Car -1 -1 -10.0000 -1.00 -1.00 -1.00 -1.00 0.902 1.468 3.334 26.276 5.209 -0.948 -3.1173 0.6835
Car -1 -1 -10.0000 -1.00 -1.00 -1.00 -1.00 1.277 1.261 2.263 -12.316 4.535 -0.760 -2.6478 0.7607
Car -1 -1 -10.0000 -1.00 -1.00 -1.00 -1.00 0.272 1.338 0.459 40.341 5.625 -1.239 1.6610 0.4361
Car -1 -1 -10.0000 -1.00 -1.00 -1.00 -1.00 0.892 1.584 3.561 21.036 5.378 -0.942 2.8944 0.7813
Car -1 -1 -10.0000 -1.00 -1.00 -1.00 -1.00 0.822 1.579 3.034 -23.276 -5.111 -0.968 -2.7462 0.6781
Car -1 -1 -10.0000 -1.00 -1.00 -1.00 -1.00 0.569 1.543 1.509 -29.819 -7.700 -1.071 1.4158 0.5877
Car -1 -1 -10.0000 -1.00 -1.00 -1.00 -1.00 1.076 1.658 3.475 16.881 -2.269 -0.861 -2.7325 0.8033
Car -1 -1 -10.0000 -1.00 -1.00 -1.00 -1.00 0.951 1.903 4.386 13.129 5.674 -0.924 3.0868 0.8323
Car -1 -1 -10.0000 -1.00 -1.00 -1.00 -1.00 1.081 2.146 3.576 -0.517 -2.147 -0.802 -2.9287 0.8383
Car -1 -1 -10.0000 -1.00 -1.00 -1.00 -1.00 0.227 0.333 0.457 -1.062 1.166 -0.617 2.5615 0.4339
