Car -1 -1 -10.0000 -1.00 -1.00 -1.00 -1.00 2.835 5.474 8.320 32.026 8.756 0.018 2.6303 0.9900
Car -1 -1 -10.0000 -1.00 -1.00 -1.00 -1.00 1.967 1.816 2.241 24.056 8.491 0.090 -3.1198 0.8308
Car -1 -1 -10.0000 -1.00 -1.00 -1.00 -1.00 2.304 5.382 29.161 4.766 10.258 -0.247 3.1012 0.9900
Car -1 -1 -10.0000 -1.00 -1.00 -1.00 -1.00 2.081 3.390 2.897 7.173 14.735 -0.236 1.1035 0.9900
Car -1 -1 -10.0000 -1.00 -1.00 -1.00 -1.00 2.076 1.726 2.140 -6.459 15.972 -0.214 -2.8009 0.8153
Car -1 -1 -10.0000 -1.00 -1.00 -1.00 -1.00 2.559 6.329 16.193 -21.149 10.681 -0.120 -2.9072 0.9900
Car -1 -1 -10.0000 -1.00 -1.00 -1.00 -1.00 2.634 9.507 2.961 -53.062 10.547 0.761 1.5171 0.9900
Car -1 -1 -10.0000 -1.00 -1.00 -1.00 -1.00 3.583 5.637 2.113 -58.764 -5.407 0.439 1.5425 0.9900
Pedestrian -1 -1 -10.0000 -1.00 -1.00 -1.00 -1.00 1.652 0.348 0.479 -17.626 -3.890 -0.007 -2.4402 0.5451
Car -1 -1 -10.0000 -1.00 -1.00 -1.00 -1.00 2.561 1.089 14.783 -26.333 -6.398 -0.113 3.0912 0.9900
Car -1 -1 -10.0000 -1.00 -1.00 -1.00 -1.00 2.255 11.911 32.058 -2.033 -12.173 -0.272 3.0745 0.9900
Car -1 -1 -10.0000 -1.00 -1.00 -1.00 -1.00 0.857 0.739 1.906 0.865 -12.505 0.220 3.0966 0.7193
Car -1 -1 -10.0000 -1.00 -1.00 -1.00 -1.00 1.508 1.853 2.022 6.808 -23.224 0.303 2.5316 0.7906
Car -1 -1 -10.0000 -1.00 -1.00 -1.00 -1.00 1.620 4.841 1.248 9.324 -14.815 0.069 1.7380 0.8631
Cyclist -1 -1 -10.0000 -1.00 -1.00 -1.00 -1.00 2.238 0.134 2.412 15.396 -24.351 0.066 3.1370 0.6640
Pedestrian -1 -1 -10.0000 -1.00 -1.00 -1.00 -1.00 1.495 0.426 0.663 10.811 -12.180 0.019 -2.8116 0.7050
Car -1 -1 -10.0000 -1.00 -1.00 -1.00 -1.00 2.440 1.767 6.789 20.971 -9.108 -0.176 -2.9599 0.9900
Car -1 -1 -10.0000 -1.00 -1.00 -1.00 -1.00 2.823 2.811 9.443 30.425 -8.224 0.015 -3.0316 0.9900
Car -1 -1 -10.0000 -1.00 -1.00 -1.00 -1.00 2.979 1.332 7.520 40.336 -8.597 0.211 3.1390 0.9900
Car -1 -1 -10.0000 -1.00 -1.00 -1.00 -1.00 2.805 0.305 1.380 45.321 -9.181 0.387 -3.0276 0.4291
Car -1 -1 -10.0000 -1.00 -1.00 -1.00 -1.00 3.369 2.311 1.440 55.218 -9.812 0.423 1.2991 0.8565
Car -1 -1 -10.0000 -1.00 -1.00 -1.00 -1.00 2.871 3.789 3.161 42.707 -4.162 0.262 2.6728 0.9900
Car -1 -1 -10.0000 -1.00 -1.00 -1.00 -1.00 1.993 1.373 0.968 -5.076 14.653 -0.375 -2.3617 0.7441
Car -1 -1 -10.0000 -1.00 -1.00 -1.00 -1.00 1.085 0.471 0.286 28.765 -10.236 0.507 1.8738 0.4506
Car -1 -1 -10.0000 -1.00 -1.00 -1.00 -1.00 1.018 0.945 0.346 58.218 -3.851 1.305 1.5448 0.3979
Pedestrian -1 -1 -10.0000 -1.00 -1.00 -1.00 -1.00 2.346 0.285 0.175 37.409 7.354 -0.095 1.6727 0.4708
Car -1 -1 -10.0000 -1.00 -1.00 -1.00 -1.00 0.197 0.952 0.266 1.087 14.775 0.458 1.6995 0.4185
Car -1 -1 -10.0000 -1.00 -1.00 -1.00 -1.00 1.931 2.384 0.667 -1.166 13.425 -0.426 1.6558 0.6775
Car -1 -1 -10.0000 -1.00 -1.00 -1.00 -1.00 2.884 0.523 2.020 58.048 -9.708 0.411 3.1198 0.4432
Car -1 -1 -10.0000 -1.00 -1.00 -1.00 -1.00 0.394 0.719 0.873 30.896 8.674 0.503 -2.5622 0.3965
Car -1 -1 -10.0000 -1.00 -1.00 -1.00 -1.00 1.837 2.185 1.085 -0.655 16.224 -0.456 1.3493 0.7706
Car -1 -1 -10.0000 -1.00 -1.00 -1.00 -1.00 1.912 2.930 0.296 -12.595 14.533 -0.439 1.5342 0.7276
Car -1 -1 -10.0000 -1.00 -1.00 -1.00 -1.00 0.375 0.598 0.328 29.803 11.479 0.345 1.2451 0.3755
Cyclist -1 -1 -10.0000 -1.00 -1.00 -1.00 -1.00 1.755 1.055 1.357 -0.094 19.395 -0.475 -2.7653 0.7404
Car -1 -1 -10.0000 -1.00 -1.00 -1.00 -1.00 0.927 0.428 0.634 0.890 11.771 -0.220 3.0003 0.6945
Car -1 -1 -10.0000 -1.00 -1.00 -1.00 -1.00 1.660 1.420 1.846 -18.868 12.575 -0.550 -2.5172 0.6382
Car -1 -1 -10.0000 -1.00 -1.00 -1.00 -1.00 1.280 3.641 1.246 -22.709 14.679 -0.346 1.3079 0.7764
Car -1 -1 -10.0000 -1.00 -1.00 -1.00 -1.00 0.561 0.223 1.643 -24.072 16.916 -0.302 3.1413 0.5346
Car -1 -1 -10.0000 -1.00 -1.00 -1.00 -1.00 1.015 1.820 1.239 -39.528 12.118 -0.626 1.0242 0.5319
Car -1 -1 -10.0000 -1.00 -1.00 -1.00 -1.00 1.134 4.662 0.677 -44.080 11.599 -0.716 1.6702 0.7116
Car -1 -1 -10.0000 -1.00 -1.00 -1.00 -1.00 1.455 4.576 5.975 -19.020 3.675 -0.659 0.9737 0.9900
Car -1 -1 -10.0000 -1.00 -1.00 -1.00 -1.00 0.756 1.757 1.533 30.358 4.479 -0.991 2.2095 0.6753
Car -1 -1 -10.0000 -1.00 -1.00 -1.00 -1.00 0.805 0.777 0.198 -21.890 5.160 -0.786 1.4724 0.6011
Car -1 -1 -10.0000 -1.00 -1.00 -1.00 -1.00 0.842 1.681 1.965 -28.385 -2.245 -0.952 -2.4684 0.6041
Car -1 -1 -10.0000 -1.00 -1.00 -1.00 -1.00 1.062 1.648 4.056 15.974 4.733 -0.868 -3.1312 0.8182
Car -1 -1 -10.0000 -1.00 -1.00 -1.00 -1.00 0.442 1.009 1.058 -33.787 -4.106 -1.115 -2.6561 0.3821
Car -1 -1 -10.0000 -1.00 -1.00 -1.00 -1.00 1.042 1.742 3.862 10.753 4.939 -0.878 2.9810 0.8168
Car -1 -1 -10.0000 -1.00 -1.00 -1.00 -1.00 0.466 1.083 0.830 13.166 -21.073 -1.122 1.1175 0.4948
Car -1 -1 -10.0000 -1.00 -1.00 -1.00 -1.00 0.953 1.695 3.591 -10.873 -2.467 -0.919 2.7854 0.7967
Car -1 -1 -10.0000 -1.00 -1.00 -1.00 -1.00 0.218 1.911 0.982 7.278 -11.845 -0.833 1.7872 0.4885
Car -1 -1 -10.0000 -1.00 -1.00 -1.00 -1.00 1.127 1.605 3.757 6.280 -2.618 -0.836 -2.7954 0.8133
Car -1 -1 -10.0000 -1.00 -1.00 -1.00 -1.00 0.867 1.584 3.478 -6.769 5.279 -0.965 -2.8536 0.7796
Car -1 -1 -10.0000 -1.00 -1.00 -1.00 -1.00 0.961 1.716 4.363 2.955 5.314 -0.919 3.0892 0.8199
Car -1 -1 -10.0000 -1.00 -1.00 -1.00 -1.00 0.179 0.310 0.273 -0.972 1.176 -0.583 2.4321 0.4179
