Car -1 -1 -10.0000 -1.00 -1.00 -1.00 -1.00 2.893 4.989 7.965 34.218 8.679 0.072 2.6965 0.9900
Car -1 -1 -10.0000 -1.00 -1.00 -1.00 -1.00 1.709 2.095 1.246 27.237 8.752 0.299 1.1837 0.7599
Car -1 -1 -10.0000 -1.00 -1.00 -1.00 -1.00 2.381 6.411 28.994 7.118 10.865 -0.209 3.0783 0.9900
Car -1 -1 -10.0000 -1.00 -1.00 -1.00 -1.00 1.931 2.874 3.260 9.710 14.347 -0.120 0.8569 0.9900
Car -1 -1 -10.0000 -1.00 -1.00 -1.00 -1.00 2.180 6.482 3.750 -2.123 17.175 -0.296 1.4980 0.9900
Car -1 -1 -10.0000 -1.00 -1.00 -1.00 -1.00 2.481 7.894 17.466 -18.849 11.449 -0.159 -2.8646 0.9900
Car -1 -1 -10.0000 -1.00 -1.00 -1.00 -1.00 3.171 10.830 2.784 -50.412 11.059 0.424 1.5257 0.9900
Car -1 -1 -10.0000 -1.00 -1.00 -1.00 -1.00 3.472 6.365 3.146 -56.789 -5.993 0.447 1.3962 0.9900
Car -1 -1 -10.0000 -1.00 -1.00 -1.00 -1.00 2.566 3.243 24.585 -18.941 -7.568 -0.116 3.0901 0.9900
Pedestrian -1 -1 -10.0000 -1.00 -1.00 -1.00 -1.00 1.615 0.312 0.592 -15.106 -3.898 -0.060 -2.6431 0.5586
Car -1 -1 -10.0000 -1.00 -1.00 -1.00 -1.00 0.702 0.271 0.208 -13.019 -10.530 0.425 1.0895 0.4415
Car -1 -1 -10.0000 -1.00 -1.00 -1.00 -1.00 2.250 10.677 22.899 5.421 -11.627 -0.274 3.1109 0.9900
Cyclist -1 -1 -10.0000 -1.00 -1.00 -1.00 -1.00 1.372 1.055 2.539 2.711 -12.254 -0.041 -3.1224 0.7526
Car -1 -1 -10.0000 -1.00 -1.00 -1.00 -1.00 1.085 0.273 0.723 6.566 -16.799 0.283 2.9595 0.5088
Pedestrian -1 -1 -10.0000 -1.00 -1.00 -1.00 -1.00 1.425 0.364 0.909 10.243 -23.749 0.373 -2.8459 0.5131
Pedestrian -1 -1 -10.0000 -1.00 -1.00 -1.00 -1.00 1.393 0.162 0.445 13.451 -30.456 0.639 -2.9343 0.4193
Car -1 -1 -10.0000 -1.00 -1.00 -1.00 -1.00 1.475 0.490 2.061 12.240 -12.453 0.081 -2.9743 0.7248
Pedestrian -1 -1 -10.0000 -1.00 -1.00 -1.00 -1.00 1.469 0.647 0.231 13.327 -11.031 0.067 1.8440 0.6676
Car -1 -1 -10.0000 -1.00 -1.00 -1.00 -1.00 2.482 1.395 6.119 22.601 -8.917 -0.120 -2.9850 0.9900
Car -1 -1 -10.0000 -1.00 -1.00 -1.00 -1.00 2.799 2.086 9.012 32.937 -8.224 0.107 -3.0639 0.9900
Car -1 -1 -10.0000 -1.00 -1.00 -1.00 -1.00 2.949 1.231 8.254 43.393 -8.459 0.358 3.1288 0.9900
Car -1 -1 -10.0000 -1.00 -1.00 -1.00 -1.00 2.783 3.832 1.904 37.624 -5.398 0.102 1.1229 0.8900
Car -1 -1 -10.0000 -1.00 -1.00 -1.00 -1.00 3.220 1.865 1.195 57.757 -9.693 0.578 1.1520 0.7673
Car -1 -1 -10.0000 -1.00 -1.00 -1.00 -1.00 2.985 4.192 3.018 44.153 -4.107 0.269 1.7711 0.9813
Cyclist -1 -1 -10.0000 -1.00 -1.00 -1.00 -1.00 2.226 1.120 1.322 46.421 -4.294 0.664 1.7561 0.5812
Car -1 -1 -10.0000 -1.00 -1.00 -1.00 -1.00 1.163 0.255 0.134 31.202 -9.992 0.529 1.7629 0.3930
Car -1 -1 -10.0000 -1.00 -1.00 -1.00 -1.00 2.659 0.474 0.828 39.482 7.355 -0.030 -2.6431 0.4582
Car -1 -1 -10.0000 -1.00 -1.00 -1.00 -1.00 0.422 0.579 0.697 33.219 8.767 0.525 -2.6598 0.3771
Car -1 -1 -10.0000 -1.00 -1.00 -1.00 -1.00 1.820 5.763 1.462 3.381 16.512 -0.483 1.6465 0.9556
Car -1 -1 -10.0000 -1.00 -1.00 -1.00 -1.00 0.125 0.056 1.548 4.169 23.604 0.511 3.1232 0.4410
Car -1 -1 -10.0000 -1.00 -1.00 -1.00 -1.00 1.877 2.710 0.186 -10.160 15.885 -0.456 1.5507 0.7114
Cyclist -1 -1 -10.0000 -1.00 -1.00 -1.00 -1.00 1.788 0.196 2.027 -34.220 12.511 -0.320 3.0743 0.5279
Car -1 -1 -10.0000 -1.00 -1.00 -1.00 -1.00 1.617 1.641 2.385 -17.111 12.619 -0.534 -2.6009 0.7228
Car -1 -1 -10.0000 -1.00 -1.00 -1.00 -1.00 1.228 3.175 1.600 -20.079 15.035 -0.447 1.0876 0.7830
Car -1 -1 -10.0000 -1.00 -1.00 -1.00 -1.00 0.873 0.493 1.612 -21.651 16.948 -0.444 -3.0053 0.6495
Car -1 -1 -10.0000 -1.00 -1.00 -1.00 -1.00 1.205 1.475 1.317 -37.096 12.128 -0.701 -2.5894 0.5603
Car -1 -1 -10.0000 -1.00 -1.00 -1.00 -1.00 1.076 4.598 0.756 -41.693 11.462 -0.671 1.7018 0.7020
Car -1 -1 -10.0000 -1.00 -1.00 -1.00 -1.00 1.506 2.264 5.668 -14.004 2.591 -0.646 -2.7944 0.9900
Car -1 -1 -10.0000 -1.00 -1.00 -1.00 -1.00 0.620 0.388 0.226 5.158 -11.636 -0.204 2.1635 0.4630
Car -1 -1 -10.0000 -1.00 -1.00 -1.00 -1.00 1.021 1.399 0.516 33.646 4.477 -0.784 1.2780 0.3866
Car -1 -1 -10.0000 -1.00 -1.00 -1.00 -1.00 1.008 1.746 3.660 -26.104 -2.309 -0.864 -3.0193 0.7504
Car -1 -1 -10.0000 -1.00 -1.00 -1.00 -1.00 1.096 1.609 3.952 18.224 4.773 -0.848 3.1372 0.8146
Car -1 -1 -10.0000 -1.00 -1.00 -1.00 -1.00 0.327 1.529 0.700 25.712 8.540 -0.665 1.5298 0.4392
Car -1 -1 -10.0000 -1.00 -1.00 -1.00 -1.00 0.423 1.638 1.167 32.627 4.646 -1.051 1.7443 0.5902
Car -1 -1 -10.0000 -1.00 -1.00 -1.00 -1.00 0.571 1.352 2.654 -31.607 -4.362 -1.108 -2.7862 0.5220
Car -1 -1 -10.0000 -1.00 -1.00 -1.00 -1.00 1.044 1.647 3.880 13.103 4.971 -0.876 2.9648 0.8112
Car -1 -1 -10.0000 -1.00 -1.00 -1.00 -1.00 0.023 4.200 0.421 35.069 -4.152 -1.367 1.5677 0.5501
Car -1 -1 -10.0000 -1.00 -1.00 -1.00 -1.00 0.842 1.530 2.145 -14.698 5.241 -0.972 2.8011 0.7439
Car -1 -1 -10.0000 -1.00 -1.00 -1.00 -1.00 1.170 1.629 3.784 8.740 -2.573 -0.813 -2.7770 0.8202
Car -1 -1 -10.0000 -1.00 -1.00 -1.00 -1.00 0.021 2.401 0.348 31.534 -3.551 -1.388 1.5726 0.4691
Car -1 -1 -10.0000 -1.00 -1.00 -1.00 -1.00 0.588 1.128 0.324 1.324 10.232 -0.834 1.4509 0.6135
Car -1 -1 -10.0000 -1.00 -1.00 -1.00 -1.00 0.994 1.741 3.370 -8.514 -2.339 -0.902 2.8301 0.7972
Car -1 -1 -10.0000 -1.00 -1.00 -1.00 -1.00 0.027 0.636 0.676 19.137 -8.581 -1.345 -2.3759 0.3745
Car -1 -1 -10.0000 -1.00 -1.00 -1.00 -1.00 0.938 1.752 4.355 5.299 5.317 -0.930 3.0258 0.8193
Car -1 -1 -10.0000 -1.00 -1.00 -1.00 -1.00 0.828 1.656 3.554 -4.467 5.255 -0.985 -2.9494 0.7812
Car -1 -1 -10.0000 -1.00 -1.00 -1.00 -1.00 0.210 0.293 0.422 -1.043 1.151 -0.601 2.5822 0.4260
Car -1 -1 -10.0000 -1.00 -1.00 -1.00 -1.00 0.201 0.366 0.244 -0.888 -1.285 -0.595 1.0813 0.3927
