Car -1 -1 -10.0000 -1.00 -1.00 -1.00 -1.00 1.920 1.826 7.100 3.550 -7.109 -0.439 3.1325 0.7402
Pedestrian -1 -1 -10.0000 -1.00 -1.00 -1.00 -1.00 2.150 1.143 0.486 5.630 18.603 -0.192 1.3970 0.4883
Car -1 -1 -10.0000 -1.00 -1.00 -1.00 -1.00 1.204 1.594 3.582 4.072 -2.444 -0.797 3.0967 0.7902
Pedestrian -1 -1 -10.0000 -1.00 -1.00 -1.00 -1.00 2.114 0.722 0.933 12.504 16.407 -0.141 0.8310 0.5409
Pedestrian -1 -1 -10.0000 -1.00 -1.00 -1.00 -1.00 2.004 1.306 0.704 23.613 10.882 -0.073 1.3788 0.5296
Pedestrian -1 -1 -10.0000 -1.00 -1.00 -1.00 -1.00 0.836 0.656 0.833 7.220 33.843 0.570 2.7553 0.5023
Car -1 -1 -10.0000 -1.00 -1.00 -1.00 -1.00 1.291 1.686 3.517 21.583 -2.475 -0.741 -2.7212 0.7561
Cyclist -1 -1 -10.0000 -1.00 -1.00 -1.00 -1.00 0.942 0.381 2.120 30.419 4.406 -0.920 3.0620 0.4752
Pedestrian -1 -1 -10.0000 -1.00 -1.00 -1.00 -1.00 0.959 1.081 0.935 0.486 26.520 -0.820 1.3482 0.4537
Car -1 -1 -10.0000 -1.00 -1.00 -1.00 -1.00 2.764 2.902 4.347 36.234 -7.665 0.118 -2.9969 0.6732
Car -1 -1 -10.0000 -1.00 -1.00 -1.00 -1.00 2.544 1.086 8.307 46.052 -8.249 0.185 -3.0736 0.7123
Cyclist -1 -1 -10.0000 -1.00 -1.00 -1.00 -1.00 2.386 0.404 1.841 54.147 -8.383 0.256 -2.9076 0.5275
Car -1 -1 -10.0000 -1.00 -1.00 -1.00 -1.00 2.080 3.171 1.658 57.308 -3.374 0.043 1.6255 0.6697
