Car -1 -1 -10.0000 -1.00 -1.00 -1.00 -1.00 2.452 0.723 1.297 50.042 8.038 0.719 2.9102 0.4218
Car -1 -1 -10.0000 -1.00 -1.00 -1.00 -1.00 2.313 3.592 7.813 44.686 8.953 0.720 2.8928 0.9900
Car -1 -1 -10.0000 -1.00 -1.00 -1.00 -1.00 1.836 1.619 0.920 37.494 9.028 0.578 0.9752 0.6387
Car -1 -1 -10.0000 -1.00 -1.00 -1.00 -1.00 1.356 1.878 14.449 24.215 9.004 0.628 3.0858 0.9900
Car -1 -1 -10.0000 -1.00 -1.00 -1.00 -1.00 0.594 1.580 0.386 21.353 11.432 0.744 1.4583 0.5420
Car -1 -1 -10.0000 -1.00 -1.00 -1.00 -1.00 2.188 9.201 13.023 9.363 12.479 -0.305 2.9241 0.9900
Pedestrian -1 -1 -10.0000 -1.00 -1.00 -1.00 -1.00 1.962 0.672 0.214 9.320 16.479 -0.135 1.3024 0.5310
Pedestrian -1 -1 -10.0000 -1.00 -1.00 -1.00 -1.00 2.013 0.182 0.844 7.453 14.032 -0.252 -3.1148 0.7010
Car -1 -1 -10.0000 -1.00 -1.00 -1.00 -1.00 2.299 2.568 0.354 3.151 20.815 -0.186 1.5696 0.5885
Car -1 -1 -10.0000 -1.00 -1.00 -1.00 -1.00 2.416 2.437 4.037 2.030 23.471 -0.158 3.0514 0.9900
Car -1 -1 -10.0000 -1.00 -1.00 -1.00 -1.00 0.798 0.529 0.595 3.939 33.791 0.951 -2.4997 0.4375
Car -1 -1 -10.0000 -1.00 -1.00 -1.00 -1.00 0.708 0.485 3.219 1.515 29.389 0.857 3.0542 0.7142
Car -1 -1 -10.0000 -1.00 -1.00 -1.00 -1.00 2.125 12.943 12.625 -6.273 15.251 -0.337 -2.6173 0.9900
Car -1 -1 -10.0000 -1.00 -1.00 -1.00 -1.00 2.223 2.866 3.624 -15.218 8.925 -0.287 2.6583 0.9900
Car -1 -1 -10.0000 -1.00 -1.00 -1.00 -1.00 2.153 2.154 8.396 -23.402 11.565 0.137 -3.1328 0.9900
Car -1 -1 -10.0000 -1.00 -1.00 -1.00 -1.00 3.044 12.169 3.256 -40.344 10.870 0.159 1.5387 0.9900
Car -1 -1 -10.0000 -1.00 -1.00 -1.00 -1.00 3.462 0.654 1.106 -57.703 6.584 0.435 -3.0318 0.4428
Car -1 -1 -10.0000 -1.00 -1.00 -1.00 -1.00 3.426 1.812 1.367 -56.729 -3.745 0.432 1.9243 0.6726
Car -1 -1 -10.0000 -1.00 -1.00 -1.00 -1.00 1.336 2.475 1.376 -55.169 -5.844 1.437 2.1149 0.6209
Car -1 -1 -10.0000 -1.00 -1.00 -1.00 -1.00 3.162 6.792 3.359 -46.242 -7.146 0.263 1.4431 0.9900
Car -1 -1 -10.0000 -1.00 -1.00 -1.00 -1.00 3.391 5.592 6.145 -53.861 -13.164 0.511 -2.4574 0.9900
Car -1 -1 -10.0000 -1.00 -1.00 -1.00 -1.00 2.317 1.869 24.897 -8.201 -7.166 -0.241 3.1386 0.9900
Pedestrian -1 -1 -10.0000 -1.00 -1.00 -1.00 -1.00 1.812 0.268 0.322 -4.455 -4.148 -0.490 -2.3855 0.6949
Car -1 -1 -10.0000 -1.00 -1.00 -1.00 -1.00 0.532 1.781 1.121 -2.363 -10.269 0.319 2.1245 0.7156
Car -1 -1 -10.0000 -1.00 -1.00 -1.00 -1.00 0.669 1.844 0.671 1.958 -13.328 0.361 1.5366 0.6568
Car -1 -1 -10.0000 -1.00 -1.00 -1.00 -1.00 0.694 0.481 2.156 3.275 -16.119 0.425 -3.0559 0.7017
Cyclist -1 -1 -10.0000 -1.00 -1.00 -1.00 -1.00 2.267 0.671 1.403 18.965 -36.552 0.468 -2.8250 0.6752
Car -1 -1 -10.0000 -1.00 -1.00 -1.00 -1.00 2.047 2.164 1.717 12.604 -22.317 0.060 1.3007 0.7839
Car -1 -1 -10.0000 -1.00 -1.00 -1.00 -1.00 2.271 9.907 6.448 8.093 -14.304 -0.262 2.1071 0.9900
Car -1 -1 -10.0000 -1.00 -1.00 -1.00 -1.00 2.446 4.414 18.760 14.119 -8.315 -0.176 3.1388 0.9900
Pedestrian -1 -1 -10.0000 -1.00 -1.00 -1.00 -1.00 1.684 0.490 0.331 23.556 -9.709 0.230 1.9762 0.5777
Car -1 -1 -10.0000 -1.00 -1.00 -1.00 -1.00 2.557 2.474 3.211 26.092 -7.014 -0.121 -2.7002 0.9900
Car -1 -1 -10.0000 -1.00 -1.00 -1.00 -1.00 2.805 1.813 4.049 34.122 -8.031 0.054 -2.9514 0.9900
Car -1 -1 -10.0000 -1.00 -1.00 -1.00 -1.00 2.878 0.914 4.077 41.394 -8.079 0.231 -2.8911 0.8676
Car -1 -1 -10.0000 -1.00 -1.00 -1.00 -1.00 3.078 0.413 4.661 45.746 -7.765 0.307 3.1252 0.7161
Car -1 -1 -10.0000 -1.00 -1.00 -1.00 -1.00 2.880 0.416 1.384 52.133 -8.021 0.551 -2.9255 0.5154
Car -1 -1 -10.0000 -1.00 -1.00 -1.00 -1.00 3.319 4.263 2.523 55.165 -3.539 0.442 1.7398 0.9669
Car -1 -1 -10.0000 -1.00 -1.00 -1.00 -1.00 1.798 4.322 5.374 6.106 3.856 -0.499 2.7284 0.9900
Car -1 -1 -10.0000 -1.00 -1.00 -1.00 -1.00 3.016 0.562 1.053 -45.500 5.566 0.235 3.1097 0.4132
Car -1 -1 -10.0000 -1.00 -1.00 -1.00 -1.00 2.584 2.029 2.083 -51.749 -4.128 0.118 1.6195 0.8416
Car -1 -1 -10.0000 -1.00 -1.00 -1.00 -1.00 2.267 1.401 0.632 -50.004 -13.167 0.253 1.8424 0.4816
Car -1 -1 -10.0000 -1.00 -1.00 -1.00 -1.00 2.749 1.022 0.806 57.064 -3.264 0.780 1.1812 0.4472
Car -1 -1 -10.0000 -1.00 -1.00 -1.00 -1.00 0.147 0.257 0.596 0.362 27.993 0.562 -2.9905 0.3747
Car -1 -1 -10.0000 -1.00 -1.00 -1.00 -1.00 1.434 1.824 3.104 -7.518 17.332 -0.220 -3.0083 0.8353
Car -1 -1 -10.0000 -1.00 -1.00 -1.00 -1.00 1.749 2.324 0.856 -10.188 14.529 -0.479 1.4185 0.7559
Pedestrian -1 -1 -10.0000 -1.00 -1.00 -1.00 -1.00 1.230 0.387 0.590 -7.822 21.368 -0.336 2.6034 0.5099
Car -1 -1 -10.0000 -1.00 -1.00 -1.00 -1.00 1.062 1.251 0.445 -10.910 17.021 -0.260 1.3096 0.6842
Car -1 -1 -10.0000 -1.00 -1.00 -1.00 -1.00 1.239 1.711 0.585 -51.215 5.429 -0.250 1.2811 0.4540
Car -1 -1 -10.0000 -1.00 -1.00 -1.00 -1.00 1.556 1.148 1.019 -53.504 -2.776 -0.402 -2.4239 0.4559
Pedestrian -1 -1 -10.0000 -1.00 -1.00 -1.00 -1.00 1.439 0.319 0.850 -43.444 18.611 -0.586 -3.0445 0.4075
Car -1 -1 -10.0000 -1.00 -1.00 -1.00 -1.00 1.032 4.569 0.721 -31.375 10.781 -0.360 1.6946 0.7418
Car -1 -1 -10.0000 -1.00 -1.00 -1.00 -1.00 1.223 3.253 2.187 -2.061 24.901 -0.740 2.0374 0.8433
Car -1 -1 -10.0000 -1.00 -1.00 -1.00 -1.00 0.913 1.031 0.983 -48.204 -11.505 -0.940 2.3879 0.4636
Cyclist -1 -1 -10.0000 -1.00 -1.00 -1.00 -1.00 1.599 0.923 1.230 11.608 -21.222 -0.222 -2.4067 0.4397
Car -1 -1 -10.0000 -1.00 -1.00 -1.00 -1.00 1.141 0.858 3.297 28.517 4.823 -0.785 3.1257 0.6305
Car -1 -1 -10.0000 -1.00 -1.00 -1.00 -1.00 1.086 1.232 3.716 23.551 5.101 -0.848 3.0308 0.7688
Car -1 -1 -10.0000 -1.00 -1.00 -1.00 -1.00 1.241 2.403 3.779 -18.675 4.259 -0.779 -2.7233 0.8878
Car -1 -1 -10.0000 -1.00 -1.00 -1.00 -1.00 1.259 1.803 3.410 -15.873 -2.641 -0.770 -3.0601 0.8290
Car -1 -1 -10.0000 -1.00 -1.00 -1.00 -1.00 1.198 1.736 3.398 19.149 -2.346 -0.788 -2.6975 0.8177
Car -1 -1 -10.0000 -1.00 -1.00 -1.00 -1.00 0.265 1.634 0.596 42.693 5.379 -1.046 1.5839 0.4524
Car -1 -1 -10.0000 -1.00 -1.00 -1.00 -1.00 0.854 1.157 6.925 -23.934 9.158 -0.965 -3.1063 0.8065
Car -1 -1 -10.0000 -1.00 -1.00 -1.00 -1.00 0.823 2.001 2.560 -28.046 -7.885 -0.977 -2.8596 0.6986
Car -1 -1 -10.0000 -1.00 -1.00 -1.00 -1.00 1.195 1.227 2.244 -9.980 4.616 -0.792 -2.6603 0.7548
Car -1 -1 -10.0000 -1.00 -1.00 -1.00 -1.00 0.771 1.331 3.289 -21.080 -4.988 -1.013 -2.8178 0.6736
Car -1 -1 -10.0000 -1.00 -1.00 -1.00 -1.00 0.070 1.978 1.881 30.385 -7.073 -1.364 0.8183 0.4732
Car -1 -1 -10.0000 -1.00 -1.00 -1.00 -1.00 1.025 1.765 4.233 -5.429 4.818 -0.887 -2.9258 0.8276
Car -1 -1 -10.0000 -1.00 -1.00 -1.00 -1.00 1.140 2.168 3.640 1.891 -2.156 -0.826 -2.9669 0.8499
Car -1 -1 -10.0000 -1.00 -1.00 -1.00 -1.00 0.162 0.312 0.243 -0.944 1.158 -0.574 2.2299 0.4410
Car -1 -1 -10.0000 -1.00 -1.00 -1.00 -1.00 0.171 0.382 0.253 -0.908 -1.228 -0.584 1.1817 0.4013
