Car -1 -1 -10.0000 -1.00 -1.00 -1.00 -1.00 2.716 4.169 8.458 39.914 9.148 0.366 2.8505 0.9900
Car -1 -1 -10.0000 -1.00 -1.00 -1.00 -1.00 2.261 1.738 2.863 32.474 9.209 0.261 0.8963 0.8633
Car -1 -1 -10.0000 -1.00 -1.00 -1.00 -1.00 2.551 8.680 28.792 12.599 12.507 -0.124 3.1139 0.9900
Car -1 -1 -10.0000 -1.00 -1.00 -1.00 -1.00 1.845 1.675 1.246 16.181 12.141 -0.032 1.4839 0.6661
Car -1 -1 -10.0000 -1.00 -1.00 -1.00 -1.00 2.039 3.005 3.753 0.604 11.941 -0.368 -3.1375 0.9900
Car -1 -1 -10.0000 -1.00 -1.00 -1.00 -1.00 1.965 16.705 12.587 -10.985 17.094 0.109 -2.3761 0.9900
Car -1 -1 -10.0000 -1.00 -1.00 -1.00 -1.00 1.716 5.095 7.576 -1.123 3.551 -0.541 -2.5529 0.9900
Car -1 -1 -10.0000 -1.00 -1.00 -1.00 -1.00 2.297 2.344 5.534 -21.001 8.533 -0.229 -3.1374 0.9900
Car -1 -1 -10.0000 -1.00 -1.00 -1.00 -1.00 2.140 1.930 6.485 -28.985 11.356 0.295 -3.1153 0.9900
Car -1 -1 -10.0000 -1.00 -1.00 -1.00 -1.00 2.794 11.741 3.040 -44.839 10.467 0.424 1.5355 0.9900
Car -1 -1 -10.0000 -1.00 -1.00 -1.00 -1.00 3.141 6.758 3.037 -50.877 -7.229 0.424 1.4874 0.9900
Car -1 -1 -10.0000 -1.00 -1.00 -1.00 -1.00 3.236 3.604 2.931 -57.028 -11.539 0.613 0.8508 0.9758
Car -1 -1 -10.0000 -1.00 -1.00 -1.00 -1.00 2.472 13.052 44.345 -3.227 -12.642 -0.163 3.0806 0.9900
Pedestrian -1 -1 -10.0000 -1.00 -1.00 -1.00 -1.00 1.912 0.177 0.295 -9.262 -4.162 -0.405 -2.6555 0.6036
Car -1 -1 -10.0000 -1.00 -1.00 -1.00 -1.00 0.374 0.497 0.322 -7.975 -9.056 0.432 2.0845 0.5971
Car -1 -1 -10.0000 -1.00 -1.00 -1.00 -1.00 0.596 1.937 1.127 -5.109 -12.646 0.403 1.1074 0.7019
Pedestrian -1 -1 -10.0000 -1.00 -1.00 -1.00 -1.00 1.761 0.971 0.349 19.316 -10.726 0.086 1.8482 0.7029
Car -1 -1 -10.0000 -1.00 -1.00 -1.00 -1.00 2.403 1.434 2.667 21.181 -8.071 -0.197 -2.9214 0.8531
Car -1 -1 -10.0000 -1.00 -1.00 -1.00 -1.00 2.697 1.247 4.555 29.132 -8.274 -0.051 -2.9339 0.9553
Car -1 -1 -10.0000 -1.00 -1.00 -1.00 -1.00 3.086 0.976 8.931 38.990 -8.045 0.148 -3.0662 0.9900
Car -1 -1 -10.0000 -1.00 -1.00 -1.00 -1.00 3.153 0.435 2.300 46.789 -7.964 0.262 -3.0095 0.6220
Car -1 -1 -10.0000 -1.00 -1.00 -1.00 -1.00 3.275 0.211 1.945 49.129 -7.842 0.266 -3.1397 0.4705
Car -1 -1 -10.0000 -1.00 -1.00 -1.00 -1.00 3.367 5.682 3.219 51.183 -3.087 0.285 1.3145 0.9900
Car -1 -1 -10.0000 -1.00 -1.00 -1.00 -1.00 3.051 0.851 1.800 44.943 8.132 0.254 -3.0496 0.5467
Pedestrian -1 -1 -10.0000 -1.00 -1.00 -1.00 -1.00 1.976 0.407 0.803 2.217 13.931 -0.386 -3.1350 0.7103
Car -1 -1 -10.0000 -1.00 -1.00 -1.00 -1.00 3.065 2.072 1.832 -56.386 -4.012 0.254 1.8769 0.8369
Car -1 -1 -10.0000 -1.00 -1.00 -1.00 -1.00 1.991 1.163 0.673 -54.647 -13.158 0.757 1.7089 0.4741
Car -1 -1 -10.0000 -1.00 -1.00 -1.00 -1.00 0.010 0.107 0.606 -6.083 12.981 0.535 -2.9945 0.3743
Car -1 -1 -10.0000 -1.00 -1.00 -1.00 -1.00 3.132 0.215 1.908 51.400 -7.847 0.410 3.1230 0.4391
Car -1 -1 -10.0000 -1.00 -1.00 -1.00 -1.00 1.016 2.291 2.761 -13.788 15.889 0.025 -2.5021 0.8066
Car -1 -1 -10.0000 -1.00 -1.00 -1.00 -1.00 0.499 0.748 0.313 -15.312 13.459 0.167 1.8123 0.5015
Car -1 -1 -10.0000 -1.00 -1.00 -1.00 -1.00 2.033 1.152 0.526 -56.004 5.035 -0.240 1.1563 0.4300
Car -1 -1 -10.0000 -1.00 -1.00 -1.00 -1.00 0.673 0.906 0.610 -15.770 16.787 -0.057 0.8141 0.5223
Car -1 -1 -10.0000 -1.00 -1.00 -1.00 -1.00 1.556 4.484 0.788 -36.158 10.705 -0.453 1.7064 0.7784
Car -1 -1 -10.0000 -1.00 -1.00 -1.00 -1.00 1.425 2.394 3.946 -23.548 4.128 -0.682 -2.6675 0.9243
Car -1 -1 -10.0000 -1.00 -1.00 -1.00 -1.00 1.413 1.826 3.281 -20.635 -2.672 -0.672 -3.0260 0.8408
Car -1 -1 -10.0000 -1.00 -1.00 -1.00 -1.00 0.587 0.715 1.662 -31.235 8.625 -0.780 -2.9051 0.4870
Car -1 -1 -10.0000 -1.00 -1.00 -1.00 -1.00 0.606 0.455 1.236 9.902 -10.389 -0.410 -3.1371 0.4313
Car -1 -1 -10.0000 -1.00 -1.00 -1.00 -1.00 1.222 1.298 2.304 -14.687 4.542 -0.787 -2.6270 0.7609
Car -1 -1 -10.0000 -1.00 -1.00 -1.00 -1.00 0.907 1.431 2.820 -25.648 -4.983 -0.934 -2.7487 0.6894
Car -1 -1 -10.0000 -1.00 -1.00 -1.00 -1.00 0.805 1.566 3.185 23.783 5.202 -0.979 3.1399 0.7012
Car -1 -1 -10.0000 -1.00 -1.00 -1.00 -1.00 0.754 1.447 1.180 -32.155 -7.484 -0.880 1.6990 0.5665
Car -1 -1 -10.0000 -1.00 -1.00 -1.00 -1.00 1.118 1.736 3.658 14.472 -2.286 -0.840 -2.7549 0.8183
Car -1 -1 -10.0000 -1.00 -1.00 -1.00 -1.00 0.843 1.608 3.570 18.782 5.317 -0.973 2.9777 0.7803
Car -1 -1 -10.0000 -1.00 -1.00 -1.00 -1.00 0.904 1.725 4.404 10.798 5.566 -0.947 2.9994 0.8145
Car -1 -1 -10.0000 -1.00 -1.00 -1.00 -1.00 0.951 0.779 4.032 -10.162 4.332 -0.918 -3.0250 0.7479
Car -1 -1 -10.0000 -1.00 -1.00 -1.00 -1.00 0.353 0.723 0.506 3.724 -8.823 -1.219 2.0821 0.5427
Car -1 -1 -10.0000 -1.00 -1.00 -1.00 -1.00 1.090 2.166 3.782 -2.681 -2.181 -0.853 2.8892 0.8488
