Car -1 -1 -10.0000 -1.00 -1.00 -1.00 -1.00 1.935 1.785 6.864 3.432 -7.155 -0.432 3.1257 0.7467
Car -1 -1 -10.0000 -1.00 -1.00 -1.00 -1.00 2.014 2.286 1.707 10.761 -11.361 -0.224 2.1068 0.7943
Car -1 -1 -10.0000 -1.00 -1.00 -1.00 -1.00 1.651 2.319 5.201 12.220 2.895 -0.574 3.0081 0.7703
Pedestrian -1 -1 -10.0000 -1.00 -1.00 -1.00 -1.00 0.966 0.542 0.543 0.865 19.662 -0.688 -2.8451 0.4975
Car -1 -1 -10.0000 -1.00 -1.00 -1.00 -1.00 0.910 1.655 3.894 8.410 5.227 -0.944 3.0162 0.7827
Car -1 -1 -10.0000 -1.00 -1.00 -1.00 -1.00 1.200 1.579 3.514 4.820 -2.455 -0.799 3.0861 0.7885
Car -1 -1 -10.0000 -1.00 -1.00 -1.00 -1.00 2.626 2.186 2.139 29.455 -7.221 -0.047 0.9020 0.7403
Pedestrian -1 -1 -10.0000 -1.00 -1.00 -1.00 -1.00 2.187 0.672 0.659 13.611 16.538 -0.296 0.8510 0.5201
Car -1 -1 -10.0000 -1.00 -1.00 -1.00 -1.00 1.146 1.616 2.715 21.562 -2.533 -0.819 0.8897 0.7061
Car -1 -1 -10.0000 -1.00 -1.00 -1.00 -1.00 2.864 2.728 4.925 37.871 -7.771 0.062 -2.8163 0.6602
Car -1 -1 -10.0000 -1.00 -1.00 -1.00 -1.00 1.369 2.423 7.301 47.591 9.018 0.812 2.8807 0.6924
Car -1 -1 -10.0000 -1.00 -1.00 -1.00 -1.00 2.772 1.637 8.151 46.924 -7.977 0.092 -3.0798 0.6510
Pedestrian -1 -1 -10.0000 -1.00 -1.00 -1.00 -1.00 2.441 0.444 1.167 54.880 -8.440 0.259 -2.8746 0.4719
