Car -1 -1 -10.0000 -1.00 -1.00 -1.00 -1.00 2.497 3.690 7.821 38.835 9.406 0.398 2.7959 0.9900
Car -1 -1 -10.0000 -1.00 -1.00 -1.00 -1.00 2.191 1.787 1.292 31.742 9.125 0.227 1.1308 0.7482
Car -1 -1 -10.0000 -1.00 -1.00 -1.00 -1.00 2.528 8.894 28.778 11.805 12.555 -0.134 3.1167 0.9900
Car -1 -1 -10.0000 -1.00 -1.00 -1.00 -1.00 1.816 2.058 1.149 15.455 12.074 -0.036 1.3349 0.6841
Car -1 -1 -10.0000 -1.00 -1.00 -1.00 -1.00 2.042 3.168 3.894 -0.560 12.024 -0.374 -2.8604 0.9900
Car -1 -1 -10.0000 -1.00 -1.00 -1.00 -1.00 2.331 11.563 14.377 -12.641 13.207 -0.234 -2.6886 0.9900
Car -1 -1 -10.0000 -1.00 -1.00 -1.00 -1.00 1.912 2.145 2.432 -31.800 11.473 0.435 0.8602 0.7709
Car -1 -1 -10.0000 -1.00 -1.00 -1.00 -1.00 2.835 11.612 2.164 -45.882 10.551 0.426 1.5360 0.9900
Car -1 -1 -10.0000 -1.00 -1.00 -1.00 -1.00 3.192 6.449 3.191 -51.691 -6.978 0.432 1.4568 0.9900
Car -1 -1 -10.0000 -1.00 -1.00 -1.00 -1.00 3.246 2.701 2.250 -57.538 -11.163 0.604 0.9803 0.9607
Car -1 -1 -10.0000 -1.00 -1.00 -1.00 -1.00 2.495 4.473 25.244 -13.694 -8.293 -0.152 3.0900 0.9900
Pedestrian -1 -1 -10.0000 -1.00 -1.00 -1.00 -1.00 1.960 0.300 0.370 -10.084 -4.082 -0.402 -2.5621 0.6186
Car -1 -1 -10.0000 -1.00 -1.00 -1.00 -1.00 0.390 0.297 0.258 -8.888 -8.855 0.441 2.0198 0.5455
Car -1 -1 -10.0000 -1.00 -1.00 -1.00 -1.00 0.595 1.340 1.206 -6.392 -12.286 0.400 2.9877 0.6574
Car -1 -1 -10.0000 -1.00 -1.00 -1.00 -1.00 2.277 10.898 18.859 8.566 -11.708 -0.261 3.1113 0.9900
Car -1 -1 -10.0000 -1.00 -1.00 -1.00 -1.00 2.112 2.315 2.804 7.066 -18.177 -0.141 -2.5313 0.9284
Car -1 -1 -10.0000 -1.00 -1.00 -1.00 -1.00 1.724 1.115 0.392 18.531 -11.019 0.089 1.8488 0.7092
Car -1 -1 -10.0000 -1.00 -1.00 -1.00 -1.00 2.375 1.428 2.629 20.250 -8.119 -0.206 -2.9148 0.8486
Car -1 -1 -10.0000 -1.00 -1.00 -1.00 -1.00 2.672 1.333 4.786 28.316 -8.356 -0.061 -2.9384 0.9841
Car -1 -1 -10.0000 -1.00 -1.00 -1.00 -1.00 3.058 1.003 8.844 38.128 -8.153 0.131 -3.0665 0.9900
Car -1 -1 -10.0000 -1.00 -1.00 -1.00 -1.00 3.334 0.458 6.514 48.249 -8.085 0.302 -3.1220 0.8345
Car -1 -1 -10.0000 -1.00 -1.00 -1.00 -1.00 3.322 5.755 2.045 49.773 -3.254 0.262 1.4344 0.9885
Car -1 -1 -10.0000 -1.00 -1.00 -1.00 -1.00 2.950 0.934 2.127 44.045 7.942 0.228 -2.9172 0.6137
Pedestrian -1 -1 -10.0000 -1.00 -1.00 -1.00 -1.00 1.963 0.323 0.478 1.251 14.149 -0.385 3.1192 0.7024
Car -1 -1 -10.0000 -1.00 -1.00 -1.00 -1.00 1.717 5.100 8.572 -2.401 3.543 -0.541 -2.5527 0.9900
Car -1 -1 -10.0000 -1.00 -1.00 -1.00 -1.00 1.074 0.535 2.923 -28.279 12.108 0.496 -3.1110 0.5592
Car -1 -1 -10.0000 -1.00 -1.00 -1.00 -1.00 3.128 2.453 2.533 -57.481 -3.838 0.247 2.2846 0.9413
Car -1 -1 -10.0000 -1.00 -1.00 -1.00 -1.00 2.774 2.505 0.527 51.373 -3.365 0.243 1.4139 0.5606
Car -1 -1 -10.0000 -1.00 -1.00 -1.00 -1.00 1.752 1.177 0.651 -55.546 -13.000 0.631 1.6921 0.4480
Car -1 -1 -10.0000 -1.00 -1.00 -1.00 -1.00 3.188 0.260 1.547 52.615 -8.102 0.415 -3.1067 0.4224
Pedestrian -1 -1 -10.0000 -1.00 -1.00 -1.00 -1.00 1.420 0.725 1.105 14.298 11.313 -0.231 -2.7757 0.4523
Car -1 -1 -10.0000 -1.00 -1.00 -1.00 -1.00 0.931 2.479 2.508 -14.728 15.765 -0.036 -2.4079 0.7912
Car -1 -1 -10.0000 -1.00 -1.00 -1.00 -1.00 0.757 0.510 0.359 -16.053 13.234 0.041 2.1086 0.4711
Car -1 -1 -10.0000 -1.00 -1.00 -1.00 -1.00 3.048 1.127 0.619 -56.753 5.151 0.245 1.1650 0.4365
Pedestrian -1 -1 -10.0000 -1.00 -1.00 -1.00 -1.00 1.309 0.791 0.081 1.260 11.550 -0.411 1.5589 0.4190
Car -1 -1 -10.0000 -1.00 -1.00 -1.00 -1.00 0.695 0.319 0.681 -12.062 15.786 -0.078 2.9690 0.4202
Car -1 -1 -10.0000 -1.00 -1.00 -1.00 -1.00 0.841 0.788 1.169 -16.812 16.802 -0.139 -2.6682 0.5965
Car -1 -1 -10.0000 -1.00 -1.00 -1.00 -1.00 1.585 4.332 1.099 -37.102 10.859 -0.465 1.7079 0.8121
Car -1 -1 -10.0000 -1.00 -1.00 -1.00 -1.00 1.417 2.315 4.288 -24.464 4.220 -0.683 -2.6414 0.9344
Car -1 -1 -10.0000 -1.00 -1.00 -1.00 -1.00 0.612 0.797 0.488 -32.687 8.723 -0.575 1.3806 0.4134
Car -1 -1 -10.0000 -1.00 -1.00 -1.00 -1.00 1.205 1.866 3.141 -21.502 -2.643 -0.702 -3.0569 0.8167
Car -1 -1 -10.0000 -1.00 -1.00 -1.00 -1.00 0.665 0.238 0.884 8.706 -10.392 -0.320 -2.9035 0.4200
Car -1 -1 -10.0000 -1.00 -1.00 -1.00 -1.00 0.463 0.208 1.402 -24.440 5.218 -0.384 -3.0583 0.4117
Cyclist -1 -1 -10.0000 -1.00 -1.00 -1.00 -1.00 1.202 1.265 2.263 -15.482 4.577 -0.794 -2.8311 0.7573
Car -1 -1 -10.0000 -1.00 -1.00 -1.00 -1.00 0.891 1.476 2.975 -26.548 -4.909 -0.947 -2.7677 0.6777
Car -1 -1 -10.0000 -1.00 -1.00 -1.00 -1.00 0.834 1.540 3.358 23.156 5.147 -0.969 3.1070 0.7115
Car -1 -1 -10.0000 -1.00 -1.00 -1.00 -1.00 0.598 1.401 1.116 -32.947 -7.332 -0.989 2.0445 0.5468
Car -1 -1 -10.0000 -1.00 -1.00 -1.00 -1.00 0.872 1.599 3.518 17.876 5.275 -0.960 2.9680 0.7816
Car -1 -1 -10.0000 -1.00 -1.00 -1.00 -1.00 0.498 0.114 1.962 -23.466 8.838 -1.004 -3.1345 0.4113
Car -1 -1 -10.0000 -1.00 -1.00 -1.00 -1.00 1.074 1.658 3.590 13.617 -2.359 -0.858 -2.7358 0.8065
Car -1 -1 -10.0000 -1.00 -1.00 -1.00 -1.00 0.282 0.424 0.472 -0.098 -12.535 -0.569 2.6486 0.5627
Car -1 -1 -10.0000 -1.00 -1.00 -1.00 -1.00 0.921 1.632 4.338 9.957 5.490 -0.939 2.9918 0.8087
Car -1 -1 -10.0000 -1.00 -1.00 -1.00 -1.00 0.313 0.413 0.524 11.457 7.179 -0.954 -2.7623 0.4022
Car -1 -1 -10.0000 -1.00 -1.00 -1.00 -1.00 1.128 1.561 3.531 -3.670 -2.456 -0.835 2.9162 0.8036
Car -1 -1 -10.0000 -1.00 -1.00 -1.00 -1.00 0.241 0.406 0.353 -0.947 -1.302 -0.613 0.9546 0.3929
