Car -1 -1 -10.0000 -1.00 -1.00 -1.00 -1.00 2.996 4.306 8.972 38.294 9.024 0.170 2.8039 0.9900
Car -1 -1 -10.0000 -1.00 -1.00 -1.00 -1.00 2.318 1.706 1.009 31.126 9.003 0.137 1.1370 0.7386
Car -1 -1 -10.0000 -1.00 -1.00 -1.00 -1.00 2.513 9.080 28.890 11.036 12.575 -0.143 3.0324 0.9900
Car -1 -1 -10.0000 -1.00 -1.00 -1.00 -1.00 1.712 1.578 0.741 14.858 12.332 -0.003 1.4431 0.5693
Pedestrian -1 -1 -10.0000 -1.00 -1.00 -1.00 -1.00 2.106 0.474 0.165 0.222 16.777 -0.285 1.4214 0.5478
Car -1 -1 -10.0000 -1.00 -1.00 -1.00 -1.00 0.176 2.304 0.682 -8.689 21.117 0.922 1.4603 0.4527
Car -1 -1 -10.0000 -1.00 -1.00 -1.00 -1.00 2.351 8.950 15.309 -13.872 11.896 -0.224 -2.7612 0.9900
Cyclist -1 -1 -10.0000 -1.00 -1.00 -1.00 -1.00 1.492 0.752 2.215 -32.530 12.294 0.671 -2.9318 0.5865
Car -1 -1 -10.0000 -1.00 -1.00 -1.00 -1.00 2.885 11.599 2.817 -46.450 10.641 0.431 1.5367 0.9900
Car -1 -1 -10.0000 -1.00 -1.00 -1.00 -1.00 3.234 6.835 3.130 -52.528 -6.973 0.434 1.4664 0.9900
Car -1 -1 -10.0000 -1.00 -1.00 -1.00 -1.00 3.272 2.398 1.549 -57.993 -10.741 0.600 1.4781 0.8309
Car -1 -1 -10.0000 -1.00 -1.00 -1.00 -1.00 2.527 3.862 24.987 -14.570 -8.069 -0.136 3.0923 0.9900
Pedestrian -1 -1 -10.0000 -1.00 -1.00 -1.00 -1.00 1.985 0.278 0.306 -10.960 -4.058 -0.389 -2.5494 0.5989
Car -1 -1 -10.0000 -1.00 -1.00 -1.00 -1.00 0.408 0.307 0.187 -9.852 -8.684 0.452 2.0259 0.4757
Car -1 -1 -10.0000 -1.00 -1.00 -1.00 -1.00 0.606 1.036 0.668 -7.789 -11.829 0.395 1.7988 0.6311
Car -1 -1 -10.0000 -1.00 -1.00 -1.00 -1.00 2.266 11.294 18.848 7.690 -11.873 -0.266 3.1115 0.9900
Cyclist -1 -1 -10.0000 -1.00 -1.00 -1.00 -1.00 1.321 0.730 2.226 5.745 -19.018 0.230 3.1379 0.7323
Pedestrian -1 -1 -10.0000 -1.00 -1.00 -1.00 -1.00 2.023 1.075 0.466 7.074 -17.654 -0.146 1.9310 0.4790
Car -1 -1 -10.0000 -1.00 -1.00 -1.00 -1.00 0.707 1.084 0.405 12.594 -15.528 0.530 1.8841 0.4062
Car -1 -1 -10.0000 -1.00 -1.00 -1.00 -1.00 1.688 1.227 0.398 17.756 -11.318 0.091 1.8177 0.7123
Car -1 -1 -10.0000 -1.00 -1.00 -1.00 -1.00 2.353 1.419 2.576 19.446 -8.186 -0.220 -2.9289 0.8433
Car -1 -1 -10.0000 -1.00 -1.00 -1.00 -1.00 2.643 1.337 4.765 27.341 -8.467 -0.073 -2.9432 0.9806
Car -1 -1 -10.0000 -1.00 -1.00 -1.00 -1.00 3.025 0.963 8.889 37.307 -8.274 0.134 -3.0701 0.9900
Car -1 -1 -10.0000 -1.00 -1.00 -1.00 -1.00 3.311 0.440 6.835 47.318 -8.251 0.266 -3.1256 0.8372
Car -1 -1 -10.0000 -1.00 -1.00 -1.00 -1.00 3.276 5.661 2.029 48.959 -3.435 0.258 1.4205 0.9878
Car -1 -1 -10.0000 -1.00 -1.00 -1.00 -1.00 3.058 2.623 0.611 50.556 -3.628 0.405 1.4421 0.6080
Car -1 -1 -10.0000 -1.00 -1.00 -1.00 -1.00 2.943 0.864 1.209 43.718 7.869 0.249 2.6202 0.5134
Pedestrian -1 -1 -10.0000 -1.00 -1.00 -1.00 -1.00 1.388 0.862 0.464 14.992 14.653 0.091 1.5646 0.4781
Car -1 -1 -10.0000 -1.00 -1.00 -1.00 -1.00 1.311 0.442 3.111 -29.357 12.175 0.405 -3.0924 0.6067
Car -1 -1 -10.0000 -1.00 -1.00 -1.00 -1.00 2.891 2.611 2.582 -58.317 -3.674 0.107 2.3177 0.9430
Pedestrian -1 -1 -10.0000 -1.00 -1.00 -1.00 -1.00 2.133 0.989 0.585 -56.371 -12.847 0.460 1.6301 0.4300
Pedestrian -1 -1 -10.0000 -1.00 -1.00 -1.00 -1.00 1.491 0.732 1.103 13.514 11.337 -0.275 -3.0558 0.5079
Car -1 -1 -10.0000 -1.00 -1.00 -1.00 -1.00 1.685 2.248 5.222 -5.847 2.624 -0.557 -2.8402 0.9900
Car -1 -1 -10.0000 -1.00 -1.00 -1.00 -1.00 1.161 2.464 3.795 -16.285 15.939 -0.146 -2.9760 0.8807
Cyclist -1 -1 -10.0000 -1.00 -1.00 -1.00 -1.00 1.730 0.999 2.403 -13.132 12.843 -0.467 -2.7812 0.6423
Car -1 -1 -10.0000 -1.00 -1.00 -1.00 -1.00 2.103 1.182 0.604 -57.560 5.324 -0.257 1.4006 0.4506
Pedestrian -1 -1 -10.0000 -1.00 -1.00 -1.00 -1.00 1.340 0.329 0.524 -13.118 15.820 -0.398 -2.9757 0.4520
Car -1 -1 -10.0000 -1.00 -1.00 -1.00 -1.00 1.618 2.599 1.213 -37.951 9.885 -0.479 1.5597 0.7312
Car -1 -1 -10.0000 -1.00 -1.00 -1.00 -1.00 1.259 2.375 4.246 -25.215 4.260 -0.754 -2.6690 0.9111
Car -1 -1 -10.0000 -1.00 -1.00 -1.00 -1.00 1.263 1.871 3.177 -22.289 -2.589 -0.743 -2.9942 0.8239
Car -1 -1 -10.0000 -1.00 -1.00 -1.00 -1.00 0.735 0.485 1.122 7.593 -10.594 -0.353 3.1142 0.4688
Car -1 -1 -10.0000 -1.00 -1.00 -1.00 -1.00 1.507 1.757 3.733 -0.709 5.207 -0.646 -3.1244 0.8647
Car -1 -1 -10.0000 -1.00 -1.00 -1.00 -1.00 0.318 0.260 1.344 -25.269 5.264 -0.482 -3.0473 0.3853
Car -1 -1 -10.0000 -1.00 -1.00 -1.00 -1.00 0.857 1.497 2.928 -27.310 -4.793 -0.951 -2.7512 0.6726
Car -1 -1 -10.0000 -1.00 -1.00 -1.00 -1.00 0.854 1.615 3.385 22.293 5.080 -0.959 -3.0990 0.7417
Car -1 -1 -10.0000 -1.00 -1.00 -1.00 -1.00 0.920 0.454 2.102 -16.328 4.288 -0.767 -3.0843 0.6366
Car -1 -1 -10.0000 -1.00 -1.00 -1.00 -1.00 0.787 1.496 1.247 -33.865 -7.265 -0.931 1.8337 0.5507
Car -1 -1 -10.0000 -1.00 -1.00 -1.00 -1.00 0.895 1.655 3.861 17.132 5.208 -0.952 2.9859 0.7952
Car -1 -1 -10.0000 -1.00 -1.00 -1.00 -1.00 1.075 1.670 3.655 12.819 -2.397 -0.859 -2.7422 0.8094
Car -1 -1 -10.0000 -1.00 -1.00 -1.00 -1.00 0.899 1.800 4.343 9.170 5.506 -0.949 2.9743 0.8171
Car -1 -1 -10.0000 -1.00 -1.00 -1.00 -1.00 0.256 0.496 0.402 10.587 7.175 -1.020 0.8698 0.3843
Car -1 -1 -10.0000 -1.00 -1.00 -1.00 -1.00 1.119 1.578 3.483 -4.427 -2.462 -0.840 2.9080 0.8025
Car -1 -1 -10.0000 -1.00 -1.00 -1.00 -1.00 0.201 0.357 0.317 -0.986 1.194 -0.598 2.3938 0.4260
Car -1 -1 -10.0000 -1.00 -1.00 -1.00 -1.00 0.166 0.335 0.254 -0.904 -1.230 -0.577 1.0681 0.3926
