Car -1 -1 -10.0000 -1.00 -1.00 -1.00 -1.00 1.422 2.766 2.264 44.568 8.847 1.061 1.8157 0.7961
Car -1 -1 -10.0000 -1.00 -1.00 -1.00 -1.00 1.263 1.119 0.293 40.095 8.646 0.967 1.7376 0.4245
Car -1 -1 -10.0000 -1.00 -1.00 -1.00 -1.00 2.808 17.215 28.698 20.248 15.396 0.005 2.8094 0.9900
Car -1 -1 -10.0000 -1.00 -1.00 -1.00 -1.00 2.051 17.626 12.459 -3.134 17.613 -0.374 -2.5818 0.9900
Car -1 -1 -10.0000 -1.00 -1.00 -1.00 -1.00 2.103 3.015 2.947 -11.451 9.120 -0.345 1.1877 0.9900
Car -1 -1 -10.0000 -1.00 -1.00 -1.00 -1.00 2.132 2.314 9.438 -19.735 11.772 0.058 -3.1306 0.9900
Car -1 -1 -10.0000 -1.00 -1.00 -1.00 -1.00 2.864 12.304 3.752 -37.406 11.190 0.155 1.5276 0.9900
Car -1 -1 -10.0000 -1.00 -1.00 -1.00 -1.00 2.822 0.703 0.915 -42.719 5.811 0.243 -3.0694 0.4479
Car -1 -1 -10.0000 -1.00 -1.00 -1.00 -1.00 3.291 1.056 1.531 -54.414 7.000 0.438 -2.9721 0.5575
Car -1 -1 -10.0000 -1.00 -1.00 -1.00 -1.00 3.253 3.701 3.205 -53.212 -4.198 0.417 2.2074 0.9533
Car -1 -1 -10.0000 -1.00 -1.00 -1.00 -1.00 2.934 6.459 3.241 -43.113 -6.557 0.272 1.4403 0.9900
Car -1 -1 -10.0000 -1.00 -1.00 -1.00 -1.00 3.291 5.272 5.799 -50.724 -12.348 0.438 -2.4828 0.9900
Car -1 -1 -10.0000 -1.00 -1.00 -1.00 -1.00 2.868 1.283 1.453 -56.841 -17.062 0.799 2.2664 0.6509
Car -1 -1 -10.0000 -1.00 -1.00 -1.00 -1.00 2.536 6.955 45.476 4.955 -9.026 -0.131 3.1072 0.9900
Pedestrian -1 -1 -10.0000 -1.00 -1.00 -1.00 -1.00 1.738 0.371 0.142 -1.376 -4.049 -0.515 1.3375 0.7011
Car -1 -1 -10.0000 -1.00 -1.00 -1.00 -1.00 0.418 2.567 1.862 1.794 -11.771 0.450 2.2199 0.6233
Car -1 -1 -10.0000 -1.00 -1.00 -1.00 -1.00 0.407 1.024 0.679 6.691 -10.891 0.450 0.8356 0.6267
Car -1 -1 -10.0000 -1.00 -1.00 -1.00 -1.00 2.626 2.186 2.139 29.455 -7.221 -0.047 0.9020 0.9010
Car -1 -1 -10.0000 -1.00 -1.00 -1.00 -1.00 2.869 1.978 3.756 37.287 -8.146 0.119 -2.9092 0.9900
Car -1 -1 -10.0000 -1.00 -1.00 -1.00 -1.00 3.058 1.536 3.913 44.420 -8.027 0.244 -2.8511 0.9855
Car -1 -1 -10.0000 -1.00 -1.00 -1.00 -1.00 3.084 0.339 4.472 48.764 -8.142 0.404 3.1291 0.6679
Car -1 -1 -10.0000 -1.00 -1.00 -1.00 -1.00 3.073 0.498 1.375 54.984 -8.413 0.576 -2.9023 0.5289
Car -1 -1 -10.0000 -1.00 -1.00 -1.00 -1.00 3.511 4.435 2.524 58.203 -4.125 0.462 1.6871 0.9696
Car -1 -1 -10.0000 -1.00 -1.00 -1.00 -1.00 1.747 0.729 3.355 47.573 7.641 1.003 3.0973 0.5708
Pedestrian -1 -1 -10.0000 -1.00 -1.00 -1.00 -1.00 2.187 0.672 0.659 13.611 16.538 -0.296 0.8510 0.5567
Car -1 -1 -10.0000 -1.00 -1.00 -1.00 -1.00 3.175 0.338 1.324 -57.329 6.834 0.574 -2.9674 0.4331
Car -1 -1 -10.0000 -1.00 -1.00 -1.00 -1.00 2.901 1.121 0.637 -46.955 -12.734 0.095 1.7958 0.5341
Car -1 -1 -10.0000 -1.00 -1.00 -1.00 -1.00 2.718 2.028 2.004 -48.611 -3.664 -0.018 1.5423 0.8537
Pedestrian -1 -1 -10.0000 -1.00 -1.00 -1.00 -1.00 2.045 0.940 0.578 -48.109 5.582 -0.323 1.2412 0.4667
Car -1 -1 -10.0000 -1.00 -1.00 -1.00 -1.00 2.112 1.251 1.152 -50.497 -2.234 -0.341 -2.4954 0.5385
Car -1 -1 -10.0000 -1.00 -1.00 -1.00 -1.00 1.751 4.319 8.358 10.642 3.895 -0.524 2.6408 0.9900
Car -1 -1 -10.0000 -1.00 -1.00 -1.00 -1.00 1.451 2.777 5.689 -4.380 16.121 -0.462 -2.8730 0.9900
Pedestrian -1 -1 -10.0000 -1.00 -1.00 -1.00 -1.00 1.346 0.953 0.925 -39.810 19.397 -0.535 0.7978 0.5892
Car -1 -1 -10.0000 -1.00 -1.00 -1.00 -1.00 1.154 4.549 0.836 -28.318 11.019 -0.417 1.6871 0.7595
Car -1 -1 -10.0000 -1.00 -1.00 -1.00 -1.00 0.626 0.161 0.543 -19.270 -7.180 -0.138 -3.0485 0.3844
Car -1 -1 -10.0000 -1.00 -1.00 -1.00 -1.00 0.957 0.790 1.070 -3.162 19.107 -0.421 2.5109 0.5540
Car -1 -1 -10.0000 -1.00 -1.00 -1.00 -1.00 1.327 2.327 0.269 -7.641 17.799 -0.609 1.5265 0.6778
Car -1 -1 -10.0000 -1.00 -1.00 -1.00 -1.00 1.404 1.946 4.427 -13.104 -2.561 -0.695 -3.0649 0.9016
Car -1 -1 -10.0000 -1.00 -1.00 -1.00 -1.00 0.862 1.155 1.059 -45.120 -11.316 -0.874 2.4752 0.4509
Car -1 -1 -10.0000 -1.00 -1.00 -1.00 -1.00 1.303 2.353 4.458 -15.795 4.399 -0.748 -2.7405 0.9278
Car -1 -1 -10.0000 -1.00 -1.00 -1.00 -1.00 1.029 1.885 2.559 -25.037 -7.679 -0.878 -2.8939 0.7514
Car -1 -1 -10.0000 -1.00 -1.00 -1.00 -1.00 1.146 1.616 2.715 21.562 -2.533 -0.819 0.8897 0.7829
Car -1 -1 -10.0000 -1.00 -1.00 -1.00 -1.00 0.365 0.986 0.798 1.160 26.551 -0.657 1.3325 0.4381
Car -1 -1 -10.0000 -1.00 -1.00 -1.00 -1.00 0.563 1.164 0.912 -3.468 21.020 -0.615 1.6355 0.4508
Car -1 -1 -10.0000 -1.00 -1.00 -1.00 -1.00 0.875 1.063 2.573 -17.975 -4.964 -0.954 -2.8000 0.6130
Car -1 -1 -10.0000 -1.00 -1.00 -1.00 -1.00 0.917 0.478 0.746 -2.128 15.237 -0.939 2.9916 0.6451
Car -1 -1 -10.0000 -1.00 -1.00 -1.00 -1.00 0.645 1.034 8.976 -18.188 9.298 -1.077 -3.1250 0.7998
Car -1 -1 -10.0000 -1.00 -1.00 -1.00 -1.00 0.667 0.524 2.246 -20.751 3.742 -1.046 -3.0170 0.5443
Car -1 -1 -10.0000 -1.00 -1.00 -1.00 -1.00 0.875 2.520 1.406 -5.314 13.955 -0.957 1.1573 0.7513
Car -1 -1 -10.0000 -1.00 -1.00 -1.00 -1.00 1.174 1.259 2.229 -6.896 4.670 -0.812 -2.7177 0.7549
Car -1 -1 -10.0000 -1.00 -1.00 -1.00 -1.00 1.200 1.579 3.514 4.820 -2.455 -0.799 3.0861 0.8110
Car -1 -1 -10.0000 -1.00 -1.00 -1.00 -1.00 0.968 1.809 4.346 -2.504 4.870 -0.915 -3.0674 0.8268
Car -1 -1 -10.0000 -1.00 -1.00 -1.00 -1.00 0.236 0.345 0.472 -1.067 1.174 -0.619 2.4487 0.4183
Car -1 -1 -10.0000 -1.00 -1.00 -1.00 -1.00 0.166 0.352 0.231 -0.896 -1.243 -0.586 1.0627 0.3745
