Car -1 -1 -10.0000 -1.00 -1.00 -1.00 -1.00 2.542 3.459 8.142 41.241 9.479 0.459 2.8513 0.9900
Car -1 -1 -10.0000 -1.00 -1.00 -1.00 -1.00 2.183 1.646 1.952 34.734 9.271 0.359 1.1646 0.7753
Car -1 -1 -10.0000 -1.00 -1.00 -1.00 -1.00 2.604 3.220 28.531 13.991 9.630 -0.097 -3.1325 0.9900
Car -1 -1 -10.0000 -1.00 -1.00 -1.00 -1.00 2.034 1.810 0.672 18.046 11.857 -0.068 1.4336 0.6736
Car -1 -1 -10.0000 -1.00 -1.00 -1.00 -1.00 1.003 5.197 0.637 7.412 12.278 0.271 1.5861 0.7553
Car -1 -1 -10.0000 -1.00 -1.00 -1.00 -1.00 1.720 2.902 4.585 0.223 2.463 -0.536 -3.1003 0.9900
Car -1 -1 -10.0000 -1.00 -1.00 -1.00 -1.00 1.970 3.089 2.932 2.577 11.438 -0.322 2.5425 0.9900
Pedestrian -1 -1 -10.0000 -1.00 -1.00 -1.00 -1.00 1.238 0.368 0.897 3.998 13.958 0.090 -3.1350 0.6886
Car -1 -1 -10.0000 -1.00 -1.00 -1.00 -1.00 0.557 0.474 3.043 -2.263 29.307 0.933 -3.0888 0.6993
Car -1 -1 -10.0000 -1.00 -1.00 -1.00 -1.00 2.342 2.456 4.061 -2.641 23.824 -0.111 3.0175 0.9900
Car -1 -1 -10.0000 -1.00 -1.00 -1.00 -1.00 2.207 12.706 12.534 -9.405 15.052 -0.296 -2.7552 0.9900
Car -1 -1 -10.0000 -1.00 -1.00 -1.00 -1.00 2.286 2.410 4.311 -19.167 8.508 -0.217 -3.1269 0.9900
Car -1 -1 -10.0000 -1.00 -1.00 -1.00 -1.00 1.987 2.179 7.268 -27.147 11.352 0.316 -3.1180 0.9900
Car -1 -1 -10.0000 -1.00 -1.00 -1.00 -1.00 2.998 11.950 2.725 -43.320 10.420 0.265 1.5334 0.9900
Car -1 -1 -10.0000 -1.00 -1.00 -1.00 -1.00 3.529 1.653 1.226 -58.531 -5.604 0.452 2.2510 0.5880
Car -1 -1 -10.0000 -1.00 -1.00 -1.00 -1.00 3.336 7.165 2.986 -49.282 -7.487 0.271 1.4856 0.9900
Car -1 -1 -10.0000 -1.00 -1.00 -1.00 -1.00 3.486 4.532 4.245 -55.992 -12.280 0.490 -2.3763 0.9882
Car -1 -1 -10.0000 -1.00 -1.00 -1.00 -1.00 2.418 11.964 27.642 -9.943 -12.135 -0.190 3.0397 0.9900
Pedestrian -1 -1 -10.0000 -1.00 -1.00 -1.00 -1.00 1.838 0.252 0.404 -7.587 -4.160 -0.417 -2.6288 0.6508
Car -1 -1 -10.0000 -1.00 -1.00 -1.00 -1.00 0.545 0.675 0.468 -6.148 -9.309 0.320 2.1017 0.6794
Car -1 -1 -10.0000 -1.00 -1.00 -1.00 -1.00 0.708 4.119 2.144 -2.670 -13.453 0.384 1.3202 0.8038
Car -1 -1 -10.0000 -1.00 -1.00 -1.00 -1.00 2.351 9.093 18.791 11.017 -10.788 -0.224 3.1134 0.9900
Car -1 -1 -10.0000 -1.00 -1.00 -1.00 -1.00 1.620 1.144 0.558 14.807 -11.525 0.053 1.8305 0.4183
Pedestrian -1 -1 -10.0000 -1.00 -1.00 -1.00 -1.00 1.843 0.851 0.598 20.697 -10.181 0.080 1.9665 0.6958
Car -1 -1 -10.0000 -1.00 -1.00 -1.00 -1.00 2.455 1.287 2.246 22.890 -7.939 -0.169 -2.8790 0.8181
Car -1 -1 -10.0000 -1.00 -1.00 -1.00 -1.00 2.748 1.256 4.334 30.883 -8.181 -0.023 -2.9315 0.9493
Car -1 -1 -10.0000 -1.00 -1.00 -1.00 -1.00 3.108 0.970 9.328 40.827 -7.913 0.214 -3.0664 0.9900
Car -1 -1 -10.0000 -1.00 -1.00 -1.00 -1.00 3.278 0.446 2.020 48.740 -7.807 0.254 -2.9581 0.6029
Car -1 -1 -10.0000 -1.00 -1.00 -1.00 -1.00 3.225 5.757 3.243 52.714 -2.992 0.403 1.3171 0.9900
Car -1 -1 -10.0000 -1.00 -1.00 -1.00 -1.00 2.878 0.926 1.898 46.510 8.237 0.397 -3.0355 0.5596
Car -1 -1 -10.0000 -1.00 -1.00 -1.00 -1.00 3.004 2.188 2.646 -54.853 -4.259 0.241 2.0380 0.9445
Car -1 -1 -10.0000 -1.00 -1.00 -1.00 -1.00 2.272 1.141 0.591 -53.020 -13.382 0.573 1.8464 0.4664
Car -1 -1 -10.0000 -1.00 -1.00 -1.00 -1.00 1.251 1.962 3.044 -11.903 16.203 0.046 -2.6291 0.8243
Car -1 -1 -10.0000 -1.00 -1.00 -1.00 -1.00 3.106 0.197 1.885 50.882 -7.705 0.410 -3.1233 0.4369
Car -1 -1 -10.0000 -1.00 -1.00 -1.00 -1.00 2.959 0.193 1.288 53.048 -7.699 0.561 -3.0917 0.3865
Pedestrian -1 -1 -10.0000 -1.00 -1.00 -1.00 -1.00 1.450 1.000 0.860 -8.233 14.698 -0.259 2.1275 0.4302
Car -1 -1 -10.0000 -1.00 -1.00 -1.00 -1.00 0.940 0.482 0.092 -13.946 17.160 -0.038 1.5520 0.4760
Car -1 -1 -10.0000 -1.00 -1.00 -1.00 -1.00 2.923 0.957 1.352 -54.755 4.875 0.241 -2.5995 0.4964
Car -1 -1 -10.0000 -1.00 -1.00 -1.00 -1.00 1.771 1.186 0.984 -56.642 -2.926 -0.109 -2.4308 0.4268
Car -1 -1 -10.0000 -1.00 -1.00 -1.00 -1.00 1.705 4.450 1.065 -34.692 10.657 -0.530 1.7181 0.8235
Car -1 -1 -10.0000 -1.00 -1.00 -1.00 -1.00 1.444 2.410 4.694 -22.231 4.105 -0.677 -2.7293 0.9723
Car -1 -1 -10.0000 -1.00 -1.00 -1.00 -1.00 1.399 1.869 3.284 -19.083 -2.747 -0.655 -3.0241 0.8430
Car -1 -1 -10.0000 -1.00 -1.00 -1.00 -1.00 1.145 0.998 3.425 -28.842 8.683 -0.809 -3.0347 0.6872
Car -1 -1 -10.0000 -1.00 -1.00 -1.00 -1.00 0.916 1.374 3.342 25.420 5.228 -0.937 -3.0847 0.6851
Car -1 -1 -10.0000 -1.00 -1.00 -1.00 -1.00 1.262 1.299 2.237 -13.128 4.529 -0.766 -2.6594 0.7611
Car -1 -1 -10.0000 -1.00 -1.00 -1.00 -1.00 0.945 1.458 3.262 -24.216 -5.116 -0.922 -2.7579 0.7091
Car -1 -1 -10.0000 -1.00 -1.00 -1.00 -1.00 0.264 1.373 0.579 39.629 5.687 -1.214 1.6615 0.4045
Car -1 -1 -10.0000 -1.00 -1.00 -1.00 -1.00 0.913 1.656 3.810 20.297 5.369 -0.930 2.9393 0.7950
Car -1 -1 -10.0000 -1.00 -1.00 -1.00 -1.00 0.919 1.472 1.492 -30.534 -7.665 -0.933 1.0645 0.5873
Car -1 -1 -10.0000 -1.00 -1.00 -1.00 -1.00 1.070 1.673 3.600 16.108 -2.266 -0.845 -2.7180 0.8074
Car -1 -1 -10.0000 -1.00 -1.00 -1.00 -1.00 0.834 0.291 0.548 5.331 -12.948 -0.755 -3.0056 0.3857
Car -1 -1 -10.0000 -1.00 -1.00 -1.00 -1.00 0.920 1.806 4.379 12.375 5.632 -0.937 3.0184 0.8213
Car -1 -1 -10.0000 -1.00 -1.00 -1.00 -1.00 1.057 1.930 4.194 -8.520 4.819 -0.871 -2.8529 0.8426
Car -1 -1 -10.0000 -1.00 -1.00 -1.00 -1.00 1.125 2.141 4.706 -0.673 -2.166 -0.832 3.1310 0.8889
