Car -1 -1 -10.0000 -1.00 -1.00 -1.00 -1.00 2.084 3.465 7.541 46.076 8.717 0.875 2.8833 0.9900
Car -1 -1 -10.0000 -1.00 -1.00 -1.00 -1.00 2.614 1.815 15.744 25.147 8.966 0.051 3.0713 0.9900
Car -1 -1 -10.0000 -1.00 -1.00 -1.00 -1.00 1.975 1.920 1.369 22.482 10.902 0.088 1.4021 0.6856
Car -1 -1 -10.0000 -1.00 -1.00 -1.00 -1.00 2.470 17.211 13.856 10.106 16.694 -0.164 2.1475 0.9900
Pedestrian -1 -1 -10.0000 -1.00 -1.00 -1.00 -1.00 2.041 0.697 0.989 11.142 16.426 -0.136 0.9263 0.6070
Car -1 -1 -10.0000 -1.00 -1.00 -1.00 -1.00 0.910 0.427 0.902 4.287 29.310 0.755 2.7411 0.6183
Car -1 -1 -10.0000 -1.00 -1.00 -1.00 -1.00 2.082 12.853 12.495 -4.694 15.180 -0.358 -2.6557 0.9900
Car -1 -1 -10.0000 -1.00 -1.00 -1.00 -1.00 2.133 2.807 3.151 -13.174 8.930 -0.331 1.3175 0.9900
Car -1 -1 -10.0000 -1.00 -1.00 -1.00 -1.00 2.355 2.289 8.874 -21.565 11.670 -0.008 -3.1355 0.9900
Car -1 -1 -10.0000 -1.00 -1.00 -1.00 -1.00 2.936 12.283 3.730 -39.076 11.066 0.171 1.5286 0.9900
Car -1 -1 -10.0000 -1.00 -1.00 -1.00 -1.00 2.933 0.415 1.034 -43.947 5.821 0.244 3.0943 0.4044
Car -1 -1 -10.0000 -1.00 -1.00 -1.00 -1.00 3.379 0.552 0.994 -56.222 7.022 0.423 -2.8316 0.4997
Car -1 -1 -10.0000 -1.00 -1.00 -1.00 -1.00 3.321 4.406 3.196 -54.695 -4.794 0.435 2.1691 0.9705
Car -1 -1 -10.0000 -1.00 -1.00 -1.00 -1.00 3.024 6.495 3.451 -44.686 -6.694 0.268 1.4231 0.9900
Car -1 -1 -10.0000 -1.00 -1.00 -1.00 -1.00 3.424 5.414 6.114 -52.409 -12.926 0.443 -2.4774 0.9900
Car -1 -1 -10.0000 -1.00 -1.00 -1.00 -1.00 2.487 11.040 45.929 3.743 -9.829 -0.155 3.1039 0.9900
Pedestrian -1 -1 -10.0000 -1.00 -1.00 -1.00 -1.00 1.740 0.245 0.195 -2.893 -4.067 -0.492 1.0181 0.6994
Car -1 -1 -10.0000 -1.00 -1.00 -1.00 -1.00 0.300 1.976 1.445 -0.461 -10.771 0.457 2.3088 0.6887
Car -1 -1 -10.0000 -1.00 -1.00 -1.00 -1.00 0.610 1.729 0.729 5.884 -15.381 0.485 1.6496 0.6147
Car -1 -1 -10.0000 -1.00 -1.00 -1.00 -1.00 0.388 0.623 0.416 4.904 -11.352 0.439 -2.3758 0.5673
Pedestrian -1 -1 -10.0000 -1.00 -1.00 -1.00 -1.00 1.474 0.319 0.161 24.951 -9.585 0.379 1.8149 0.4634
Car -1 -1 -10.0000 -1.00 -1.00 -1.00 -1.00 2.483 3.213 2.340 27.830 -6.628 -0.033 1.1197 0.9900
Car -1 -1 -10.0000 -1.00 -1.00 -1.00 -1.00 2.666 1.506 4.203 35.526 -8.328 0.173 -2.9969 0.9804
Car -1 -1 -10.0000 -1.00 -1.00 -1.00 -1.00 2.680 0.909 2.825 42.636 -8.245 0.378 -2.8730 0.7949
Car -1 -1 -10.0000 -1.00 -1.00 -1.00 -1.00 2.948 0.506 4.548 47.076 -7.896 0.423 3.1291 0.7150
Car -1 -1 -10.0000 -1.00 -1.00 -1.00 -1.00 2.968 0.485 1.686 53.321 -8.309 0.565 -2.8958 0.5342
Car -1 -1 -10.0000 -1.00 -1.00 -1.00 -1.00 3.104 3.079 2.195 56.655 -3.974 0.585 1.9778 0.9150
Pedestrian -1 -1 -10.0000 -1.00 -1.00 -1.00 -1.00 2.008 0.327 0.255 9.079 14.083 -0.331 -2.9920 0.6441
Car -1 -1 -10.0000 -1.00 -1.00 -1.00 -1.00 3.547 0.377 0.954 -58.728 6.658 0.436 -2.9318 0.4136
Car -1 -1 -10.0000 -1.00 -1.00 -1.00 -1.00 2.453 1.641 0.890 58.219 -3.925 0.970 1.5664 0.4774
Pedestrian -1 -1 -10.0000 -1.00 -1.00 -1.00 -1.00 1.216 0.738 0.840 39.038 8.527 0.939 -2.6319 0.4136
Car -1 -1 -10.0000 -1.00 -1.00 -1.00 -1.00 0.673 1.013 0.923 6.030 34.116 0.651 2.5725 0.4858
Car -1 -1 -10.0000 -1.00 -1.00 -1.00 -1.00 2.456 1.063 0.582 -48.480 -12.936 0.120 1.7381 0.4509
Car -1 -1 -10.0000 -1.00 -1.00 -1.00 -1.00 1.779 4.210 6.759 8.372 3.893 -0.510 2.5885 0.9900
Car -1 -1 -10.0000 -1.00 -1.00 -1.00 -1.00 2.361 2.029 2.141 -49.716 -3.912 -0.198 1.5397 0.8359
Car -1 -1 -10.0000 -1.00 -1.00 -1.00 -1.00 2.098 1.129 0.883 -49.643 5.396 -0.339 1.0952 0.4970
Car -1 -1 -10.0000 -1.00 -1.00 -1.00 -1.00 1.144 1.506 2.995 -5.189 17.391 -0.307 -3.0824 0.7855
Car -1 -1 -10.0000 -1.00 -1.00 -1.00 -1.00 1.661 2.766 1.722 -8.155 15.265 -0.566 0.9890 0.8315
Pedestrian -1 -1 -10.0000 -1.00 -1.00 -1.00 -1.00 1.519 1.073 1.134 -51.929 -2.434 -0.387 -2.7791 0.4403
Car -1 -1 -10.0000 -1.00 -1.00 -1.00 -1.00 0.851 1.236 0.846 -4.856 19.513 -0.373 2.4277 0.6452
Pedestrian -1 -1 -10.0000 -1.00 -1.00 -1.00 -1.00 1.214 0.360 0.509 -5.890 21.418 -0.577 2.2826 0.5873
Car -1 -1 -10.0000 -1.00 -1.00 -1.00 -1.00 1.048 1.825 0.402 -9.287 17.438 -0.468 1.4700 0.7039
Car -1 -1 -10.0000 -1.00 -1.00 -1.00 -1.00 1.109 0.356 1.108 -41.406 18.946 -0.704 -2.9142 0.4761
Car -1 -1 -10.0000 -1.00 -1.00 -1.00 -1.00 1.006 4.414 1.018 -29.972 11.042 -0.542 1.6864 0.7550
Car -1 -1 -10.0000 -1.00 -1.00 -1.00 -1.00 1.160 1.145 3.377 30.106 4.877 -0.805 3.1360 0.6616
Car -1 -1 -10.0000 -1.00 -1.00 -1.00 -1.00 1.315 1.686 3.587 20.742 -2.454 -0.739 -2.7199 0.8324
Car -1 -1 -10.0000 -1.00 -1.00 -1.00 -1.00 1.046 3.516 1.937 0.130 24.509 -0.795 1.2980 0.8131
Car -1 -1 -10.0000 -1.00 -1.00 -1.00 -1.00 0.471 1.041 1.061 -0.674 26.479 -0.576 0.8497 0.5247
Car -1 -1 -10.0000 -1.00 -1.00 -1.00 -1.00 1.263 2.380 4.104 -17.283 4.324 -0.766 -2.7233 0.9056
Car -1 -1 -10.0000 -1.00 -1.00 -1.00 -1.00 1.283 1.858 3.321 -14.330 -2.577 -0.757 -3.0942 0.8319
Car -1 -1 -10.0000 -1.00 -1.00 -1.00 -1.00 0.877 0.940 1.070 -46.785 -11.301 -0.910 2.4312 0.4323
Car -1 -1 -10.0000 -1.00 -1.00 -1.00 -1.00 0.278 1.542 0.539 44.321 5.147 -1.091 1.5985 0.4372
Car -1 -1 -10.0000 -1.00 -1.00 -1.00 -1.00 1.478 1.810 4.334 -3.968 4.839 -0.659 -3.0144 0.8932
Car -1 -1 -10.0000 -1.00 -1.00 -1.00 -1.00 0.781 1.840 2.561 -26.583 -7.715 -0.926 -2.8356 0.6687
Car -1 -1 -10.0000 -1.00 -1.00 -1.00 -1.00 0.929 2.153 1.113 -7.123 13.705 -0.933 1.1390 0.7364
Car -1 -1 -10.0000 -1.00 -1.00 -1.00 -1.00 0.556 1.070 8.829 -21.271 9.257 -1.115 -3.1303 0.7861
Car -1 -1 -10.0000 -1.00 -1.00 -1.00 -1.00 0.710 1.275 2.925 -19.347 -4.950 -1.036 -2.8156 0.6277
Car -1 -1 -10.0000 -1.00 -1.00 -1.00 -1.00 0.015 1.966 0.349 35.826 -0.361 -1.391 1.5391 0.4178
Car -1 -1 -10.0000 -1.00 -1.00 -1.00 -1.00 1.149 1.219 2.301 -8.406 4.655 -0.825 -2.6993 0.7537
Car -1 -1 -10.0000 -1.00 -1.00 -1.00 -1.00 1.187 2.408 3.659 3.315 -2.191 -0.796 3.1234 0.8743
Car -1 -1 -10.0000 -1.00 -1.00 -1.00 -1.00 0.359 0.274 0.435 6.922 10.539 -1.197 -2.8868 0.4340
Car -1 -1 -10.0000 -1.00 -1.00 -1.00 -1.00 0.197 0.361 0.307 -0.982 1.181 -0.592 2.3031 0.4260
Car -1 -1 -10.0000 -1.00 -1.00 -1.00 -1.00 0.214 0.330 0.316 -0.936 -1.281 -0.603 0.9269 0.3747
