Car -1 -1 -10.0000 -1.00 -1.00 -1.00 -1.00 2.932 4.534 8.362 37.689 8.955 0.180 2.7822 0.9900
Car -1 -1 -10.0000 -1.00 -1.00 -1.00 -1.00 2.084 1.698 1.065 30.409 8.870 0.218 1.1219 0.7267
Car -1 -1 -10.0000 -1.00 -1.00 -1.00 -1.00 2.480 10.265 28.881 10.237 12.051 -0.159 3.0333 0.9900
Pedestrian -1 -1 -10.0000 -1.00 -1.00 -1.00 -1.00 1.819 0.640 1.057 12.714 11.278 -0.144 3.0705 0.4613
Car -1 -1 -10.0000 -1.00 -1.00 -1.00 -1.00 1.799 1.129 1.105 13.911 12.290 -0.067 2.5109 0.5481
Pedestrian -1 -1 -10.0000 -1.00 -1.00 -1.00 -1.00 1.326 0.499 1.142 11.573 12.248 0.135 -2.6603 0.5004
Car -1 -1 -10.0000 -1.00 -1.00 -1.00 -1.00 0.165 2.083 0.074 -9.757 19.247 0.887 1.5475 0.4413
Car -1 -1 -10.0000 -1.00 -1.00 -1.00 -1.00 2.307 8.383 12.498 -13.224 11.670 -0.246 -2.7591 0.9900
Car -1 -1 -10.0000 -1.00 -1.00 -1.00 -1.00 1.376 2.267 1.856 -20.726 8.622 0.286 1.5461 0.7927
Car -1 -1 -10.0000 -1.00 -1.00 -1.00 -1.00 2.931 11.463 2.806 -47.368 10.743 0.434 1.5347 0.9900
Car -1 -1 -10.0000 -1.00 -1.00 -1.00 -1.00 3.279 6.327 3.325 -53.468 -6.573 0.434 1.4716 0.9900
Car -1 -1 -10.0000 -1.00 -1.00 -1.00 -1.00 3.593 1.489 1.054 -58.678 -10.422 0.437 2.1798 0.7113
Car -1 -1 -10.0000 -1.00 -1.00 -1.00 -1.00 2.552 3.446 24.742 -15.527 -7.858 -0.123 3.0925 0.9900
Pedestrian -1 -1 -10.0000 -1.00 -1.00 -1.00 -1.00 1.670 0.311 0.364 -11.756 -3.996 -0.205 -2.4904 0.5799
Car -1 -1 -10.0000 -1.00 -1.00 -1.00 -1.00 0.357 0.947 0.470 -8.841 -11.417 0.529 1.9823 0.6310
Car -1 -1 -10.0000 -1.00 -1.00 -1.00 -1.00 2.326 11.252 22.492 8.627 -11.917 -0.236 3.1190 0.9900
Cyclist -1 -1 -10.0000 -1.00 -1.00 -1.00 -1.00 1.711 1.014 2.789 4.953 -18.820 0.039 3.0630 0.7800
Car -1 -1 -10.0000 -1.00 -1.00 -1.00 -1.00 0.638 0.733 0.723 11.791 -16.493 0.589 2.3155 0.3799
Car -1 -1 -10.0000 -1.00 -1.00 -1.00 -1.00 1.634 1.118 0.560 16.808 -11.558 0.095 1.5255 0.7165
Car -1 -1 -10.0000 -1.00 -1.00 -1.00 -1.00 2.616 1.350 4.867 26.441 -8.586 -0.089 -2.9474 0.9865
Car -1 -1 -10.0000 -1.00 -1.00 -1.00 -1.00 2.989 1.016 8.873 36.455 -8.374 0.111 -3.0742 0.9900
Car -1 -1 -10.0000 -1.00 -1.00 -1.00 -1.00 3.149 0.444 4.544 45.391 -8.384 0.247 -3.1001 0.7550
Car -1 -1 -10.0000 -1.00 -1.00 -1.00 -1.00 3.349 0.784 3.817 49.821 -8.130 0.275 3.1109 0.7437
Car -1 -1 -10.0000 -1.00 -1.00 -1.00 -1.00 3.246 4.814 2.982 48.526 -3.964 0.265 1.4174 0.9900
Car -1 -1 -10.0000 -1.00 -1.00 -1.00 -1.00 2.892 0.744 1.184 42.775 7.746 0.251 2.8384 0.4601
Car -1 -1 -10.0000 -1.00 -1.00 -1.00 -1.00 1.391 2.442 0.474 14.229 14.293 0.083 1.5918 0.6730
Cyclist -1 -1 -10.0000 -1.00 -1.00 -1.00 -1.00 1.513 0.757 2.040 -33.374 12.396 0.452 -2.9332 0.5701
Car -1 -1 -10.0000 -1.00 -1.00 -1.00 -1.00 2.712 0.231 0.555 40.569 -6.479 -0.019 -2.8875 0.3801
Car -1 -1 -10.0000 -1.00 -1.00 -1.00 -1.00 2.905 2.164 2.063 -58.812 -3.686 0.122 1.8549 0.8424
Pedestrian -1 -1 -10.0000 -1.00 -1.00 -1.00 -1.00 2.163 1.093 0.587 -57.246 -12.618 0.463 1.6804 0.4408
Car -1 -1 -10.0000 -1.00 -1.00 -1.00 -1.00 0.959 0.369 2.988 -30.368 12.233 0.215 -3.1363 0.5337
Car -1 -1 -10.0000 -1.00 -1.00 -1.00 -1.00 2.430 1.022 0.656 -58.365 5.353 -0.118 1.1079 0.4448
Car -1 -1 -10.0000 -1.00 -1.00 -1.00 -1.00 1.094 0.431 1.869 6.771 -10.675 -0.138 2.9602 0.5506
Car -1 -1 -10.0000 -1.00 -1.00 -1.00 -1.00 1.672 2.287 4.845 -7.186 2.610 -0.563 -2.8250 0.9900
Pedestrian -1 -1 -10.0000 -1.00 -1.00 -1.00 -1.00 1.537 0.584 0.821 1.977 19.943 -0.498 2.6239 0.7056
Car -1 -1 -10.0000 -1.00 -1.00 -1.00 -1.00 0.951 2.628 2.388 -16.644 15.599 -0.196 0.8852 0.7952
Car -1 -1 -10.0000 -1.00 -1.00 -1.00 -1.00 0.444 2.801 0.579 -38.484 10.094 0.111 1.5322 0.5432
Car -1 -1 -10.0000 -1.00 -1.00 -1.00 -1.00 0.913 0.685 1.151 -18.264 16.861 -0.289 -2.4978 0.6317
Car -1 -1 -10.0000 -1.00 -1.00 -1.00 -1.00 1.254 2.330 3.823 -25.834 4.374 -0.763 -2.7555 0.8844
Car -1 -1 -10.0000 -1.00 -1.00 -1.00 -1.00 1.243 1.885 3.387 -23.031 -2.543 -0.748 -3.0144 0.8261
Car -1 -1 -10.0000 -1.00 -1.00 -1.00 -1.00 0.884 1.623 3.345 21.510 5.033 -0.946 -3.1225 0.7571
Car -1 -1 -10.0000 -1.00 -1.00 -1.00 -1.00 0.679 1.110 2.085 -27.726 -4.534 -1.048 -2.6872 0.5423
Car -1 -1 -10.0000 -1.00 -1.00 -1.00 -1.00 0.426 1.548 0.989 35.812 5.081 -1.181 1.7429 0.5047
Car -1 -1 -10.0000 -1.00 -1.00 -1.00 -1.00 0.916 1.599 3.606 16.379 5.117 -0.931 2.9853 0.7880
Car -1 -1 -10.0000 -1.00 -1.00 -1.00 -1.00 0.620 0.817 0.473 -15.722 13.580 -0.904 1.0405 0.4728
Car -1 -1 -10.0000 -1.00 -1.00 -1.00 -1.00 0.209 1.147 0.514 -34.367 -6.990 -1.250 1.7968 0.4197
Car -1 -1 -10.0000 -1.00 -1.00 -1.00 -1.00 1.108 1.671 3.611 11.979 -2.422 -0.844 -2.7216 0.8114
Car -1 -1 -10.0000 -1.00 -1.00 -1.00 -1.00 0.651 0.854 1.111 -13.330 12.861 -0.941 -2.5308 0.5155
Car -1 -1 -10.0000 -1.00 -1.00 -1.00 -1.00 0.368 0.236 0.222 -1.878 -12.480 -0.539 2.7827 0.4820
Car -1 -1 -10.0000 -1.00 -1.00 -1.00 -1.00 0.898 1.618 4.269 8.427 5.449 -0.950 2.9950 0.8034
Car -1 -1 -10.0000 -1.00 -1.00 -1.00 -1.00 1.089 1.625 3.430 -5.254 -2.467 -0.855 2.8553 0.8012
Car -1 -1 -10.0000 -1.00 -1.00 -1.00 -1.00 0.895 1.748 3.727 -1.459 5.212 -0.952 -3.1251 0.7972
Car -1 -1 -10.0000 -1.00 -1.00 -1.00 -1.00 0.162 0.312 0.244 -0.951 1.166 -0.579 2.2551 0.4178
Car -1 -1 -10.0000 -1.00 -1.00 -1.00 -1.00 0.206 0.365 0.249 -0.893 -1.293 -0.598 1.0478 0.3838
