Car -1 -1 -10.0000 -1.00 -1.00 -1.00 -1.00 2.771 5.179 8.428 32.840 8.737 0.076 2.6551 0.9900
Car -1 -1 -10.0000 -1.00 -1.00 -1.00 -1.00 1.609 2.199 0.949 25.522 8.712 0.294 1.2202 0.7465
Car -1 -1 -10.0000 -1.00 -1.00 -1.00 -1.00 2.328 5.638 29.009 5.482 10.187 -0.235 3.0922 0.9900
Car -1 -1 -10.0000 -1.00 -1.00 -1.00 -1.00 2.007 3.395 3.216 8.144 14.733 -0.171 0.9947 0.9900
Car -1 -1 -10.0000 -1.00 -1.00 -1.00 -1.00 2.160 3.097 3.029 -5.017 15.351 -0.259 2.1543 0.9900
Car -1 -1 -10.0000 -1.00 -1.00 -1.00 -1.00 2.532 6.712 15.192 -19.528 10.905 -0.131 -2.8609 0.9900
Car -1 -1 -10.0000 -1.00 -1.00 -1.00 -1.00 2.600 9.632 2.809 -51.976 10.698 0.755 1.5199 0.9900
Car -1 -1 -10.0000 -1.00 -1.00 -1.00 -1.00 3.554 6.420 2.727 -58.300 -5.848 0.446 1.4253 0.9900
Car -1 -1 -10.0000 -1.00 -1.00 -1.00 -1.00 2.575 1.111 14.817 -25.493 -6.405 -0.109 3.0920 0.9900
Pedestrian -1 -1 -10.0000 -1.00 -1.00 -1.00 -1.00 1.561 0.277 0.373 -16.743 -3.849 0.012 0.8088 0.5339
Car -1 -1 -10.0000 -1.00 -1.00 -1.00 -1.00 2.231 2.653 8.841 -12.804 -7.547 -0.284 3.0339 0.9900
Car -1 -1 -10.0000 -1.00 -1.00 -1.00 -1.00 2.241 11.306 22.549 3.539 -11.831 -0.279 3.0912 0.9900
Cyclist -1 -1 -10.0000 -1.00 -1.00 -1.00 -1.00 1.381 0.516 1.674 4.396 -16.911 0.118 -3.1184 0.6629
Cyclist -1 -1 -10.0000 -1.00 -1.00 -1.00 -1.00 1.517 0.720 1.396 7.943 -23.790 0.308 -3.1398 0.7194
Pedestrian -1 -1 -10.0000 -1.00 -1.00 -1.00 -1.00 1.793 0.106 0.264 11.219 -30.664 0.416 -2.9692 0.4103
Pedestrian -1 -1 -10.0000 -1.00 -1.00 -1.00 -1.00 1.311 0.137 0.200 7.654 -20.420 0.290 -2.7107 0.4414
Car -1 -1 -10.0000 -1.00 -1.00 -1.00 -1.00 1.592 2.808 1.361 10.219 -13.795 0.026 1.5115 0.8014
Pedestrian -1 -1 -10.0000 -1.00 -1.00 -1.00 -1.00 1.544 0.795 0.274 11.843 -11.872 0.013 1.6627 0.7003
Car -1 -1 -10.0000 -1.00 -1.00 -1.00 -1.00 2.463 1.583 6.088 21.455 -9.083 -0.168 -2.9653 0.9900
Car -1 -1 -10.0000 -1.00 -1.00 -1.00 -1.00 2.841 2.107 9.693 30.995 -8.533 0.021 -3.0715 0.9900
Car -1 -1 -10.0000 -1.00 -1.00 -1.00 -1.00 3.024 1.405 8.208 41.014 -8.530 0.220 3.1215 0.9900
Car -1 -1 -10.0000 -1.00 -1.00 -1.00 -1.00 2.836 0.601 0.930 35.315 -7.144 0.021 -2.6568 0.4520
Car -1 -1 -10.0000 -1.00 -1.00 -1.00 -1.00 3.434 2.296 1.493 56.078 -9.626 0.440 1.3402 0.8640
Car -1 -1 -10.0000 -1.00 -1.00 -1.00 -1.00 2.911 4.358 3.148 43.475 -4.268 0.273 2.4862 0.9900
Car -1 -1 -10.0000 -1.00 -1.00 -1.00 -1.00 1.976 4.476 0.744 1.759 15.606 -0.393 1.6302 0.8082
Car -1 -1 -10.0000 -1.00 -1.00 -1.00 -1.00 1.803 1.997 1.258 0.050 15.802 -0.258 1.1639 0.7327
Car -1 -1 -10.0000 -1.00 -1.00 -1.00 -1.00 1.110 0.292 0.204 29.557 -10.147 0.514 1.8196 0.4106
Car -1 -1 -10.0000 -1.00 -1.00 -1.00 -1.00 0.729 0.974 0.367 59.093 -3.824 1.471 1.4687 0.3786
Pedestrian -1 -1 -10.0000 -1.00 -1.00 -1.00 -1.00 2.394 0.285 0.152 38.210 7.390 -0.101 1.6256 0.4499
Car -1 -1 -10.0000 -1.00 -1.00 -1.00 -1.00 0.403 0.725 0.678 31.611 8.687 0.511 -2.4974 0.3957
Cyclist -1 -1 -10.0000 -1.00 -1.00 -1.00 -1.00 1.854 1.056 1.899 1.263 19.317 -0.423 -2.8284 0.7592
Car -1 -1 -10.0000 -1.00 -1.00 -1.00 -1.00 1.910 2.955 0.174 -11.726 14.865 -0.441 1.5427 0.7159
Cyclist -1 -1 -10.0000 -1.00 -1.00 -1.00 -1.00 1.771 0.539 1.857 -28.064 9.611 -0.228 3.1127 0.4472
Pedestrian -1 -1 -10.0000 -1.00 -1.00 -1.00 -1.00 1.390 0.104 0.786 -35.833 12.568 -0.100 3.1150 0.3943
Car -1 -1 -10.0000 -1.00 -1.00 -1.00 -1.00 1.654 2.351 0.928 -4.194 19.104 -0.555 1.8135 0.6962
Car -1 -1 -10.0000 -1.00 -1.00 -1.00 -1.00 1.260 3.490 1.430 -21.829 14.735 -0.339 1.2288 0.7820
Car -1 -1 -10.0000 -1.00 -1.00 -1.00 -1.00 0.570 0.452 1.578 -23.228 16.988 -0.122 -3.0424 0.5968
Car -1 -1 -10.0000 -1.00 -1.00 -1.00 -1.00 1.476 1.432 0.104 -0.108 13.001 -0.637 1.5905 0.5033
Car -1 -1 -10.0000 -1.00 -1.00 -1.00 -1.00 0.996 1.824 1.223 -38.604 12.107 -0.609 0.9483 0.5478
Car -1 -1 -10.0000 -1.00 -1.00 -1.00 -1.00 0.841 4.182 0.650 -43.233 11.344 -0.564 1.6726 0.6578
Car -1 -1 -10.0000 -1.00 -1.00 -1.00 -1.00 1.481 2.255 5.339 -17.085 2.517 -0.659 -2.7879 0.9900
Cyclist -1 -1 -10.0000 -1.00 -1.00 -1.00 -1.00 1.224 0.636 1.376 -18.265 13.037 -0.724 -2.7180 0.4932
Car -1 -1 -10.0000 -1.00 -1.00 -1.00 -1.00 0.525 0.414 0.247 -21.096 5.318 -0.625 1.2491 0.4762
Car -1 -1 -10.0000 -1.00 -1.00 -1.00 -1.00 0.819 1.809 1.969 -27.581 -2.224 -0.919 -2.4487 0.6505
Car -1 -1 -10.0000 -1.00 -1.00 -1.00 -1.00 0.921 1.713 1.692 31.288 4.557 -0.934 2.0716 0.6936
Car -1 -1 -10.0000 -1.00 -1.00 -1.00 -1.00 1.044 1.629 3.625 16.625 4.753 -0.875 3.1108 0.8022
Car -1 -1 -10.0000 -1.00 -1.00 -1.00 -1.00 0.441 1.666 0.703 24.098 8.582 -0.697 1.4260 0.5445
Car -1 -1 -10.0000 -1.00 -1.00 -1.00 -1.00 0.472 1.327 1.738 -33.496 -4.283 -1.105 -2.6133 0.4663
Car -1 -1 -10.0000 -1.00 -1.00 -1.00 -1.00 1.032 1.711 3.905 11.580 4.939 -0.883 2.9733 0.8149
Car -1 -1 -10.0000 -1.00 -1.00 -1.00 -1.00 0.845 1.682 2.302 -16.260 5.140 -0.975 -3.0239 0.7540
Car -1 -1 -10.0000 -1.00 -1.00 -1.00 -1.00 0.984 1.660 3.334 -10.124 -2.437 -0.907 2.8051 0.7908
Car -1 -1 -10.0000 -1.00 -1.00 -1.00 -1.00 1.134 1.624 3.747 7.102 -2.589 -0.832 -2.7794 0.8150
Car -1 -1 -10.0000 -1.00 -1.00 -1.00 -1.00 0.957 1.743 4.452 3.727 5.297 -0.921 3.0565 0.8238
Car -1 -1 -10.0000 -1.00 -1.00 -1.00 -1.00 0.876 1.567 3.590 -6.043 5.262 -0.961 -2.8619 0.7821
Car -1 -1 -10.0000 -1.00 -1.00 -1.00 -1.00 0.165 0.308 0.247 -0.954 1.174 -0.581 2.2134 0.4335
