Car -1 -1 -10.0000 -1.00 -1.00 -1.00 -1.00 2.832 5.149 7.910 33.406 8.682 0.073 2.7006 0.9900
Car -1 -1 -10.0000 -1.00 -1.00 -1.00 -1.00 1.655 2.092 1.113 26.328 8.699 0.299 1.2004 0.7542
Car -1 -1 -10.0000 -1.00 -1.00 -1.00 -1.00 2.354 5.233 29.003 6.305 10.250 -0.222 3.0854 0.9900
Car -1 -1 -10.0000 -1.00 -1.00 -1.00 -1.00 2.060 2.950 3.207 8.930 14.364 -0.190 0.9170 0.9900
Car -1 -1 -10.0000 -1.00 -1.00 -1.00 -1.00 2.194 3.608 3.422 -3.598 15.490 -0.302 1.7282 0.9900
Car -1 -1 -10.0000 -1.00 -1.00 -1.00 -1.00 2.507 7.156 18.173 -20.020 11.107 -0.146 -2.8792 0.9900
Car -1 -1 -10.0000 -1.00 -1.00 -1.00 -1.00 2.573 10.684 2.408 -51.442 11.063 0.747 1.5287 0.9900
Car -1 -1 -10.0000 -1.00 -1.00 -1.00 -1.00 3.519 6.269 3.245 -57.782 -5.977 0.451 1.3957 0.9900
Car -1 -1 -10.0000 -1.00 -1.00 -1.00 -1.00 2.578 3.146 24.550 -19.787 -7.442 -0.110 3.0900 0.9900
Pedestrian -1 -1 -10.0000 -1.00 -1.00 -1.00 -1.00 1.586 0.291 0.404 -15.909 -3.872 -0.022 0.9735 0.5390
Car -1 -1 -10.0000 -1.00 -1.00 -1.00 -1.00 2.246 11.114 22.437 4.410 -11.844 -0.276 3.0926 0.9900
Cyclist -1 -1 -10.0000 -1.00 -1.00 -1.00 -1.00 1.173 0.297 1.335 5.267 -16.958 0.228 3.1070 0.6782
Car -1 -1 -10.0000 -1.00 -1.00 -1.00 -1.00 1.080 0.357 0.481 9.163 -23.909 0.543 2.5751 0.4041
Pedestrian -1 -1 -10.0000 -1.00 -1.00 -1.00 -1.00 1.595 0.393 0.368 8.548 -20.329 0.160 2.7420 0.5251
Car -1 -1 -10.0000 -1.00 -1.00 -1.00 -1.00 1.556 2.493 2.390 11.534 -12.330 0.016 -2.5688 0.8545
Car -1 -1 -10.0000 -1.00 -1.00 -1.00 -1.00 2.493 1.426 5.591 22.031 -9.025 -0.153 -2.9714 0.9900
Car -1 -1 -10.0000 -1.00 -1.00 -1.00 -1.00 2.880 2.268 9.075 32.111 -8.393 0.042 -3.0691 0.9900
Car -1 -1 -10.0000 -1.00 -1.00 -1.00 -1.00 2.947 1.439 7.797 42.491 -8.486 0.291 3.1357 0.9900
Car -1 -1 -10.0000 -1.00 -1.00 -1.00 -1.00 2.687 0.263 0.460 36.384 -6.957 0.123 -3.1263 0.3797
Car -1 -1 -10.0000 -1.00 -1.00 -1.00 -1.00 3.463 2.299 1.803 56.972 -9.535 0.440 1.4321 0.9032
Car -1 -1 -10.0000 -1.00 -1.00 -1.00 -1.00 2.946 5.348 2.073 43.718 -4.658 0.256 1.5750 0.9859
Car -1 -1 -10.0000 -1.00 -1.00 -1.00 -1.00 2.516 1.666 0.827 45.604 -4.242 0.498 1.4623 0.5738
Car -1 -1 -10.0000 -1.00 -1.00 -1.00 -1.00 1.135 0.314 0.177 30.388 -10.095 0.521 1.6471 0.3845
Car -1 -1 -10.0000 -1.00 -1.00 -1.00 -1.00 2.443 0.263 0.124 39.012 7.406 -0.108 1.5039 0.4422
Car -1 -1 -10.0000 -1.00 -1.00 -1.00 -1.00 1.425 1.214 0.606 1.124 16.330 -0.121 1.7346 0.6517
Car -1 -1 -10.0000 -1.00 -1.00 -1.00 -1.00 0.413 0.738 0.709 32.428 8.690 0.517 -2.5496 0.3960
Car -1 -1 -10.0000 -1.00 -1.00 -1.00 -1.00 1.842 4.230 0.798 2.557 15.808 -0.474 1.6266 0.8034
Car -1 -1 -10.0000 -1.00 -1.00 -1.00 -1.00 0.010 0.048 1.095 3.258 23.593 0.570 3.1352 0.3835
Pedestrian -1 -1 -10.0000 -1.00 -1.00 -1.00 -1.00 1.425 0.387 0.496 0.454 10.631 -0.342 -2.9617 0.6836
Car -1 -1 -10.0000 -1.00 -1.00 -1.00 -1.00 0.126 0.049 1.352 -3.611 23.798 0.513 3.1150 0.4623
Car -1 -1 -10.0000 -1.00 -1.00 -1.00 -1.00 1.908 2.854 0.185 -10.944 15.285 -0.444 1.5434 0.7158
Pedestrian -1 -1 -10.0000 -1.00 -1.00 -1.00 -1.00 1.774 0.895 1.193 1.778 19.236 -0.483 -3.0187 0.7167
Pedestrian -1 -1 -10.0000 -1.00 -1.00 -1.00 -1.00 1.563 0.080 0.930 -34.792 12.519 -0.197 -3.1343 0.4114
Car -1 -1 -10.0000 -1.00 -1.00 -1.00 -1.00 1.646 2.321 1.478 -2.940 19.132 -0.552 1.5054 0.7936
Car -1 -1 -10.0000 -1.00 -1.00 -1.00 -1.00 1.242 3.220 1.700 -20.889 14.911 -0.454 1.1350 0.7961
Car -1 -1 -10.0000 -1.00 -1.00 -1.00 -1.00 0.533 0.411 1.534 -22.395 16.978 -0.278 -3.0430 0.6103
Car -1 -1 -10.0000 -1.00 -1.00 -1.00 -1.00 0.979 1.678 1.248 -37.737 12.129 -0.595 0.8509 0.5502
Car -1 -1 -10.0000 -1.00 -1.00 -1.00 -1.00 1.097 4.519 0.836 -42.549 11.542 -0.685 1.6872 0.7070
Car -1 -1 -10.0000 -1.00 -1.00 -1.00 -1.00 1.491 2.265 5.294 -15.463 2.542 -0.650 -2.8204 0.9900
Car -1 -1 -10.0000 -1.00 -1.00 -1.00 -1.00 1.099 1.603 3.922 17.484 4.760 -0.849 -3.1325 0.8143
Car -1 -1 -10.0000 -1.00 -1.00 -1.00 -1.00 0.876 1.715 2.723 -26.378 -2.220 -0.947 -2.6032 0.6728
Car -1 -1 -10.0000 -1.00 -1.00 -1.00 -1.00 0.744 1.617 1.501 31.929 4.578 -1.026 1.9090 0.6605
Car -1 -1 -10.0000 -1.00 -1.00 -1.00 -1.00 0.309 1.507 0.715 24.913 8.491 -0.651 1.5236 0.4993
Car -1 -1 -10.0000 -1.00 -1.00 -1.00 -1.00 0.548 1.294 2.369 -32.144 -4.259 -1.117 -2.8009 0.5218
Car -1 -1 -10.0000 -1.00 -1.00 -1.00 -1.00 1.059 1.641 3.876 12.344 4.934 -0.868 2.9974 0.8123
Cyclist -1 -1 -10.0000 -1.00 -1.00 -1.00 -1.00 1.295 0.808 1.533 -17.372 13.100 -0.752 -2.5956 0.5263
Car -1 -1 -10.0000 -1.00 -1.00 -1.00 -1.00 0.803 1.672 2.136 -15.494 5.170 -0.998 2.6667 0.7471
Car -1 -1 -10.0000 -1.00 -1.00 -1.00 -1.00 1.141 1.633 3.748 7.932 -2.598 -0.829 -2.7967 0.8164
Car -1 -1 -10.0000 -1.00 -1.00 -1.00 -1.00 0.986 1.594 3.291 -9.366 -2.394 -0.906 2.8274 0.7862
Car -1 -1 -10.0000 -1.00 -1.00 -1.00 -1.00 0.968 1.696 4.399 4.530 5.307 -0.915 3.0352 0.8204
Car -1 -1 -10.0000 -1.00 -1.00 -1.00 -1.00 0.876 1.626 3.548 -5.241 5.267 -0.961 -2.9350 0.7842
Car -1 -1 -10.0000 -1.00 -1.00 -1.00 -1.00 0.184 0.312 0.384 -1.019 1.169 -0.587 2.4226 0.4412
Car -1 -1 -10.0000 -1.00 -1.00 -1.00 -1.00 0.211 0.379 0.247 -0.901 -1.296 -0.600 1.0542 0.3838
