Car -1 -1 -10.0000 -1.00 -1.00 -1.00 -1.00 2.642 4.000 8.758 40.641 9.285 0.433 2.8398 0.9900
Car -1 -1 -10.0000 -1.00 -1.00 -1.00 -1.00 2.077 1.708 0.965 33.467 9.268 0.328 1.1400 0.7104
Car -1 -1 -10.0000 -1.00 -1.00 -1.00 -1.00 2.579 7.946 28.516 13.233 12.238 -0.110 3.1100 0.9900
Car -1 -1 -10.0000 -1.00 -1.00 -1.00 -1.00 1.779 1.718 0.525 17.320 12.025 0.039 1.3825 0.6392
Car -1 -1 -10.0000 -1.00 -1.00 -1.00 -1.00 1.094 1.873 3.240 1.614 12.087 0.112 2.7782 0.8106
Car -1 -1 -10.0000 -1.00 -1.00 -1.00 -1.00 1.140 0.285 0.854 3.109 13.990 0.131 -3.1410 0.6957
Car -1 -1 -10.0000 -1.00 -1.00 -1.00 -1.00 1.708 2.724 4.583 -1.188 2.351 -0.545 -3.0884 0.9900
Car -1 -1 -10.0000 -1.00 -1.00 -1.00 -1.00 0.733 2.634 1.407 -4.099 28.241 0.850 1.5908 0.6814
Car -1 -1 -10.0000 -1.00 -1.00 -1.00 -1.00 2.486 17.012 13.633 -9.597 17.158 -0.155 0.7922 0.9900
Car -1 -1 -10.0000 -1.00 -1.00 -1.00 -1.00 2.348 2.526 4.509 -20.120 8.627 -0.222 -3.1287 0.9900
Car -1 -1 -10.0000 -1.00 -1.00 -1.00 -1.00 2.031 2.122 6.999 -28.073 11.362 0.331 -3.1030 0.9900
Car -1 -1 -10.0000 -1.00 -1.00 -1.00 -1.00 2.761 11.803 3.388 -44.447 10.353 0.409 1.5304 0.9900
Car -1 -1 -10.0000 -1.00 -1.00 -1.00 -1.00 2.502 1.837 1.142 -59.234 -5.681 0.986 2.1693 0.5691
Car -1 -1 -10.0000 -1.00 -1.00 -1.00 -1.00 3.362 6.366 3.111 -50.020 -7.186 0.283 1.4932 0.9900
Car -1 -1 -10.0000 -1.00 -1.00 -1.00 -1.00 3.516 3.999 3.657 -56.497 -12.017 0.478 0.8058 0.9888
Car -1 -1 -10.0000 -1.00 -1.00 -1.00 -1.00 2.442 7.376 26.366 -11.396 -9.770 -0.178 3.0700 0.9900
Pedestrian -1 -1 -10.0000 -1.00 -1.00 -1.00 -1.00 1.894 0.209 0.412 -8.450 -4.198 -0.420 -2.6385 0.6388
Car -1 -1 -10.0000 -1.00 -1.00 -1.00 -1.00 0.419 0.611 0.397 -7.064 -9.181 0.398 2.0900 0.6550
Car -1 -1 -10.0000 -1.00 -1.00 -1.00 -1.00 0.686 3.027 1.696 -3.894 -13.151 0.374 1.4991 0.7567
Car -1 -1 -10.0000 -1.00 -1.00 -1.00 -1.00 2.326 4.301 19.058 10.334 -8.392 -0.236 3.1327 0.9900
Car -1 -1 -10.0000 -1.00 -1.00 -1.00 -1.00 2.227 2.854 1.156 9.550 -17.543 -0.179 1.8590 0.8103
Car -1 -1 -10.0000 -1.00 -1.00 -1.00 -1.00 2.176 4.413 2.383 7.698 -12.835 -0.306 1.8000 0.9900
Car -1 -1 -10.0000 -1.00 -1.00 -1.00 -1.00 1.500 1.937 0.750 14.246 -12.337 0.127 1.8321 0.5359
Pedestrian -1 -1 -10.0000 -1.00 -1.00 -1.00 -1.00 1.800 0.831 0.338 20.087 -10.466 0.084 1.8542 0.6972
Car -1 -1 -10.0000 -1.00 -1.00 -1.00 -1.00 2.428 1.366 2.301 22.048 -7.984 -0.184 -2.8945 0.8271
Car -1 -1 -10.0000 -1.00 -1.00 -1.00 -1.00 2.721 1.263 4.433 30.005 -8.198 -0.033 -2.9318 0.9539
Car -1 -1 -10.0000 -1.00 -1.00 -1.00 -1.00 3.029 1.039 8.857 39.772 -7.979 0.211 -3.0647 0.9900
Car -1 -1 -10.0000 -1.00 -1.00 -1.00 -1.00 3.249 0.487 1.980 48.209 -7.856 0.234 -3.0024 0.6100
Car -1 -1 -10.0000 -1.00 -1.00 -1.00 -1.00 3.068 0.229 1.982 50.164 -7.724 0.390 -3.1340 0.4565
Car -1 -1 -10.0000 -1.00 -1.00 -1.00 -1.00 3.173 5.480 3.031 51.888 -3.044 0.397 1.3403 0.9900
Car -1 -1 -10.0000 -1.00 -1.00 -1.00 -1.00 2.808 0.818 1.450 45.973 8.218 0.107 2.7112 0.4963
Car -1 -1 -10.0000 -1.00 -1.00 -1.00 -1.00 3.013 2.013 2.065 -55.505 -4.370 0.260 1.6758 0.8448
Car -1 -1 -10.0000 -1.00 -1.00 -1.00 -1.00 3.171 0.205 1.857 52.187 -7.786 0.413 3.1397 0.4378
Car -1 -1 -10.0000 -1.00 -1.00 -1.00 -1.00 2.049 1.238 0.702 -53.903 -13.299 0.451 1.8844 0.4553
Car -1 -1 -10.0000 -1.00 -1.00 -1.00 -1.00 3.327 0.190 1.690 54.341 -7.785 0.418 -3.1019 0.4354
Car -1 -1 -10.0000 -1.00 -1.00 -1.00 -1.00 0.614 2.151 2.931 -12.929 16.038 0.219 -2.5672 0.7611
Car -1 -1 -10.0000 -1.00 -1.00 -1.00 -1.00 1.873 1.321 0.575 -14.395 13.454 -0.422 2.0055 0.6479
Pedestrian -1 -1 -10.0000 -1.00 -1.00 -1.00 -1.00 2.296 1.067 1.110 -55.406 4.905 -0.099 1.2009 0.4630
Car -1 -1 -10.0000 -1.00 -1.00 -1.00 -1.00 1.607 1.185 0.675 15.663 11.101 0.048 2.0659 0.4049
Car -1 -1 -10.0000 -1.00 -1.00 -1.00 -1.00 0.404 0.503 0.344 -14.866 16.706 0.231 1.1404 0.3846
Car -1 -1 -10.0000 -1.00 -1.00 -1.00 -1.00 2.071 1.275 1.124 -57.526 -2.914 -0.250 -2.5513 0.4751
Car -1 -1 -10.0000 -1.00 -1.00 -1.00 -1.00 1.525 4.441 1.081 -35.483 10.665 -0.438 1.7129 0.8098
Car -1 -1 -10.0000 -1.00 -1.00 -1.00 -1.00 1.433 2.394 4.090 -22.815 4.108 -0.678 -2.7197 0.9338
Car -1 -1 -10.0000 -1.00 -1.00 -1.00 -1.00 0.990 0.763 1.839 -30.455 8.600 -0.742 -3.0800 0.5494
Car -1 -1 -10.0000 -1.00 -1.00 -1.00 -1.00 1.319 2.066 3.523 -19.980 -2.839 -0.738 -3.0335 0.8598
Car -1 -1 -10.0000 -1.00 -1.00 -1.00 -1.00 0.937 1.435 3.353 24.764 5.290 -0.931 -3.0900 0.7075
Car -1 -1 -10.0000 -1.00 -1.00 -1.00 -1.00 1.242 1.296 2.315 -13.922 4.530 -0.775 -2.6566 0.7621
Car -1 -1 -10.0000 -1.00 -1.00 -1.00 -1.00 0.262 1.382 0.598 38.864 5.659 -1.189 1.5577 0.4046
Car -1 -1 -10.0000 -1.00 -1.00 -1.00 -1.00 0.945 1.649 3.656 19.519 5.358 -0.926 2.9622 0.7945
Car -1 -1 -10.0000 -1.00 -1.00 -1.00 -1.00 0.778 1.437 3.172 -25.007 -5.047 -0.996 -2.7498 0.6522
Car -1 -1 -10.0000 -1.00 -1.00 -1.00 -1.00 0.907 1.598 1.487 -31.380 -7.647 -0.944 1.0049 0.5671
Car -1 -1 -10.0000 -1.00 -1.00 -1.00 -1.00 1.038 1.717 3.855 15.216 -2.270 -0.879 -2.7300 0.8145
Car -1 -1 -10.0000 -1.00 -1.00 -1.00 -1.00 0.796 0.257 0.222 4.246 -12.929 -0.807 2.3387 0.4184
Car -1 -1 -10.0000 -1.00 -1.00 -1.00 -1.00 0.945 2.277 4.486 11.580 5.861 -0.927 3.0298 0.8609
Car -1 -1 -10.0000 -1.00 -1.00 -1.00 -1.00 1.060 1.795 4.404 -9.319 4.710 -0.868 -2.9041 0.8397
Car -1 -1 -10.0000 -1.00 -1.00 -1.00 -1.00 0.971 1.598 1.241 2.812 5.185 -0.914 -2.8052 0.7321
Car -1 -1 -10.0000 -1.00 -1.00 -1.00 -1.00 0.248 0.466 0.307 4.592 -8.628 -1.217 2.3960 0.4414
Car -1 -1 -10.0000 -1.00 -1.00 -1.00 -1.00 1.114 2.125 3.493 -2.023 -2.118 -0.842 3.0089 0.8378
