Car -1 -1 -10.0000 -1.00 -1.00 -1.00 -1.00 2.931 4.919 7.862 35.043 8.677 0.079 2.7378 0.9900
Car -1 -1 -10.0000 -1.00 -1.00 -1.00 -1.00 1.754 1.868 0.977 27.948 8.705 0.302 1.1504 0.7389
Car -1 -1 -10.0000 -1.00 -1.00 -1.00 -1.00 2.408 7.118 28.778 7.911 10.565 -0.195 3.1262 0.9900
Car -1 -1 -10.0000 -1.00 -1.00 -1.00 -1.00 1.506 2.383 1.951 11.153 14.608 0.123 2.9189 0.8154
Cyclist -1 -1 -10.0000 -1.00 -1.00 -1.00 -1.00 1.769 1.229 1.438 9.613 13.540 -0.113 0.8568 0.6323
Car -1 -1 -10.0000 -1.00 -1.00 -1.00 -1.00 2.182 6.291 3.981 -0.714 17.111 -0.306 1.5368 0.9900
Car -1 -1 -10.0000 -1.00 -1.00 -1.00 -1.00 2.079 2.880 2.720 -5.177 11.903 -0.350 -2.4268 0.9714
Car -1 -1 -10.0000 -1.00 -1.00 -1.00 -1.00 2.455 8.732 14.519 -16.587 11.861 -0.170 -2.8501 0.9900
Car -1 -1 -10.0000 -1.00 -1.00 -1.00 -1.00 3.124 10.909 3.110 -49.612 10.935 0.421 1.5265 0.9900
Car -1 -1 -10.0000 -1.00 -1.00 -1.00 -1.00 3.443 6.350 3.567 -56.194 -6.215 0.455 1.3511 0.9900
Car -1 -1 -10.0000 -1.00 -1.00 -1.00 -1.00 2.553 3.365 24.771 -18.024 -7.639 -0.123 3.0899 0.9900
Pedestrian -1 -1 -10.0000 -1.00 -1.00 -1.00 -1.00 1.618 0.282 0.464 -14.344 -3.917 -0.088 -2.6432 0.5692
Car -1 -1 -10.0000 -1.00 -1.00 -1.00 -1.00 0.665 0.434 0.441 -11.894 -10.598 0.412 -2.5346 0.4775
Car -1 -1 -10.0000 -1.00 -1.00 -1.00 -1.00 2.250 11.746 23.384 6.561 -12.147 -0.274 3.1238 0.9900
Car -1 -1 -10.0000 -1.00 -1.00 -1.00 -1.00 1.375 2.942 2.040 3.601 -11.168 -0.035 2.2649 0.8291
Car -1 -1 -10.0000 -1.00 -1.00 -1.00 -1.00 0.431 0.680 0.470 10.395 -20.422 0.767 -2.4291 0.5019
Car -1 -1 -10.0000 -1.00 -1.00 -1.00 -1.00 1.168 1.135 0.669 9.174 -16.840 0.282 2.2274 0.6048
Cyclist -1 -1 -10.0000 -1.00 -1.00 -1.00 -1.00 1.467 0.489 1.711 13.568 -12.330 0.112 -2.8827 0.7204
Pedestrian -1 -1 -10.0000 -1.00 -1.00 -1.00 -1.00 1.405 0.500 0.196 14.090 -10.674 0.111 1.8623 0.6286
Car -1 -1 -10.0000 -1.00 -1.00 -1.00 -1.00 2.428 1.399 5.329 23.751 -8.844 -0.072 -2.9719 0.9900
Car -1 -1 -10.0000 -1.00 -1.00 -1.00 -1.00 2.768 1.920 9.067 33.774 -8.198 0.150 -3.0672 0.9900
Car -1 -1 -10.0000 -1.00 -1.00 -1.00 -1.00 3.010 1.225 9.638 44.436 -8.386 0.395 3.1382 0.9900
Car -1 -1 -10.0000 -1.00 -1.00 -1.00 -1.00 3.260 1.717 1.237 58.575 -9.459 0.581 1.0842 0.7496
Car -1 -1 -10.0000 -1.00 -1.00 -1.00 -1.00 3.040 4.121 2.809 45.046 -3.905 0.264 1.7686 0.9758
Pedestrian -1 -1 -10.0000 -1.00 -1.00 -1.00 -1.00 2.284 1.022 0.875 47.148 -4.244 0.680 1.7755 0.5336
Car -1 -1 -10.0000 -1.00 -1.00 -1.00 -1.00 2.540 0.234 0.112 40.632 7.559 -0.120 1.6983 0.4344
Car -1 -1 -10.0000 -1.00 -1.00 -1.00 -1.00 2.007 4.165 0.931 4.206 15.757 -0.388 1.6195 0.8296
Car -1 -1 -10.0000 -1.00 -1.00 -1.00 -1.00 2.813 4.354 2.387 37.899 -4.964 0.100 1.1999 0.8931
Car -1 -1 -10.0000 -1.00 -1.00 -1.00 -1.00 0.123 0.051 1.615 -1.337 23.785 0.510 3.1202 0.4178
Cyclist -1 -1 -10.0000 -1.00 -1.00 -1.00 -1.00 1.706 0.175 2.062 -33.132 12.427 -0.291 3.1219 0.5099
Car -1 -1 -10.0000 -1.00 -1.00 -1.00 -1.00 1.667 2.529 0.181 -9.375 16.594 -0.563 1.6051 0.7018
Car -1 -1 -10.0000 -1.00 -1.00 -1.00 -1.00 1.198 3.190 1.731 -19.240 15.108 -0.430 1.0507 0.7940
Car -1 -1 -10.0000 -1.00 -1.00 -1.00 -1.00 1.087 0.088 0.176 -2.915 19.837 -0.496 2.8699 0.4097
Car -1 -1 -10.0000 -1.00 -1.00 -1.00 -1.00 0.832 0.562 1.504 -20.816 16.938 -0.417 -2.9242 0.6623
Car -1 -1 -10.0000 -1.00 -1.00 -1.00 -1.00 1.115 0.694 1.019 -25.154 9.529 -0.561 2.7946 0.4387
Car -1 -1 -10.0000 -1.00 -1.00 -1.00 -1.00 0.714 0.501 1.248 -36.094 12.627 -0.449 -2.7792 0.4828
Car -1 -1 -10.0000 -1.00 -1.00 -1.00 -1.00 1.517 2.272 5.312 -12.202 2.565 -0.638 -2.8025 0.9900
Car -1 -1 -10.0000 -1.00 -1.00 -1.00 -1.00 0.804 4.420 1.003 -41.003 11.441 -0.526 1.7031 0.6835
Car -1 -1 -10.0000 -1.00 -1.00 -1.00 -1.00 1.024 1.730 2.443 34.021 4.682 -0.796 2.8308 0.6918
Car -1 -1 -10.0000 -1.00 -1.00 -1.00 -1.00 0.981 1.733 3.716 -25.400 -2.386 -0.839 -2.9818 0.7573
Car -1 -1 -10.0000 -1.00 -1.00 -1.00 -1.00 1.075 1.614 3.803 19.071 4.847 -0.855 -3.1320 0.8074
Car -1 -1 -10.0000 -1.00 -1.00 -1.00 -1.00 0.010 1.320 0.176 26.251 8.459 -0.678 1.6870 0.3924
Car -1 -1 -10.0000 -1.00 -1.00 -1.00 -1.00 1.019 1.604 3.874 13.985 4.982 -0.888 2.9869 0.8055
Car -1 -1 -10.0000 -1.00 -1.00 -1.00 -1.00 0.661 1.078 0.586 -18.137 13.465 -1.000 1.3035 0.3993
Car -1 -1 -10.0000 -1.00 -1.00 -1.00 -1.00 1.190 1.648 3.718 9.560 -2.541 -0.793 -2.7958 0.8215
Car -1 -1 -10.0000 -1.00 -1.00 -1.00 -1.00 1.061 0.675 1.141 -15.734 13.007 -0.759 -2.6152 0.4545
Car -1 -1 -10.0000 -1.00 -1.00 -1.00 -1.00 0.021 3.976 0.643 35.314 -4.005 -1.378 1.5403 0.5414
Car -1 -1 -10.0000 -1.00 -1.00 -1.00 -1.00 0.872 1.095 1.809 -13.733 5.394 -0.948 2.9516 0.7182
Car -1 -1 -10.0000 -1.00 -1.00 -1.00 -1.00 0.909 0.327 1.460 -29.436 3.627 -0.857 -3.0147 0.3996
Car -1 -1 -10.0000 -1.00 -1.00 -1.00 -1.00 0.607 0.099 0.084 2.230 10.747 -0.782 1.0875 0.3925
Car -1 -1 -10.0000 -1.00 -1.00 -1.00 -1.00 0.037 0.915 0.971 20.465 -8.479 -1.322 0.7860 0.4182
Car -1 -1 -10.0000 -1.00 -1.00 -1.00 -1.00 0.954 1.720 4.325 6.086 5.364 -0.922 3.0212 0.8183
Car -1 -1 -10.0000 -1.00 -1.00 -1.00 -1.00 0.036 0.905 0.905 19.302 -8.039 -1.340 0.7902 0.4181
Car -1 -1 -10.0000 -1.00 -1.00 -1.00 -1.00 0.991 1.761 3.429 -7.716 -2.485 -0.903 2.8024 0.7997
Cyclist -1 -1 -10.0000 -1.00 -1.00 -1.00 -1.00 1.903 0.767 1.472 0.087 14.875 -0.251 3.1067 0.4614
Car -1 -1 -10.0000 -1.00 -1.00 -1.00 -1.00 0.881 1.650 3.648 -3.729 5.247 -0.959 -3.0307 0.7884
Car -1 -1 -10.0000 -1.00 -1.00 -1.00 -1.00 0.185 0.322 0.360 -1.009 1.150 -0.572 2.3027 0.4412
