Car -1 -1 -10.0000 -1.00 -1.00 -1.00 -1.00 2.420 3.414 8.611 46.982 8.599 0.739 2.8875 0.9900
Car -1 -1 -10.0000 -1.00 -1.00 -1.00 -1.00 2.782 17.683 28.990 19.281 16.569 -0.008 2.7282 0.9900
Pedestrian -1 -1 -10.0000 -1.00 -1.00 -1.00 -1.00 2.114 0.722 0.933 12.504 16.407 -0.141 0.8310 0.6521
Car -1 -1 -10.0000 -1.00 -1.00 -1.00 -1.00 2.066 18.285 12.509 -3.926 17.917 -0.366 -2.5012 0.9900
Car -1 -1 -10.0000 -1.00 -1.00 -1.00 -1.00 2.144 2.905 2.782 -12.239 9.025 -0.311 1.2672 0.9888
Car -1 -1 -10.0000 -1.00 -1.00 -1.00 -1.00 2.178 2.230 9.187 -20.682 11.747 0.058 -3.1329 0.9900
Car -1 -1 -10.0000 -1.00 -1.00 -1.00 -1.00 2.892 12.328 3.815 -38.014 11.121 0.166 1.5300 0.9900
Car -1 -1 -10.0000 -1.00 -1.00 -1.00 -1.00 2.890 0.442 1.114 -43.303 5.863 0.247 3.0789 0.3980
Car -1 -1 -10.0000 -1.00 -1.00 -1.00 -1.00 3.334 0.548 0.983 -55.417 7.092 0.424 -2.7868 0.4555
Car -1 -1 -10.0000 -1.00 -1.00 -1.00 -1.00 3.276 4.341 2.792 -53.758 -4.640 0.433 2.1765 0.9669
Car -1 -1 -10.0000 -1.00 -1.00 -1.00 -1.00 2.988 6.581 3.506 -43.965 -6.832 0.274 1.4122 0.9900
Car -1 -1 -10.0000 -1.00 -1.00 -1.00 -1.00 3.368 5.552 6.171 -51.658 -12.845 0.447 -2.4749 0.9900
Car -1 -1 -10.0000 -1.00 -1.00 -1.00 -1.00 2.514 9.212 45.984 4.343 -8.988 -0.142 3.1076 0.9900
Pedestrian -1 -1 -10.0000 -1.00 -1.00 -1.00 -1.00 1.763 0.258 0.167 -2.135 -4.074 -0.518 1.1430 0.7002
Car -1 -1 -10.0000 -1.00 -1.00 -1.00 -1.00 0.425 1.933 1.611 0.564 -11.021 0.403 2.2236 0.6697
Car -1 -1 -10.0000 -1.00 -1.00 -1.00 -1.00 0.431 2.032 0.781 5.830 -11.964 0.465 1.5318 0.6418
Pedestrian -1 -1 -10.0000 -1.00 -1.00 -1.00 -1.00 1.508 0.234 0.171 25.689 -9.589 0.383 1.8421 0.3934
Car -1 -1 -10.0000 -1.00 -1.00 -1.00 -1.00 2.542 3.335 2.233 28.584 -6.619 -0.038 1.2109 0.9900
Car -1 -1 -10.0000 -1.00 -1.00 -1.00 -1.00 2.711 1.423 4.347 36.234 -8.405 0.174 -3.0004 0.9783
Car -1 -1 -10.0000 -1.00 -1.00 -1.00 -1.00 2.745 0.904 3.846 43.693 -8.340 0.374 -2.9063 0.8393
Car -1 -1 -10.0000 -1.00 -1.00 -1.00 -1.00 3.016 0.549 4.531 47.961 -7.981 0.421 3.1297 0.7212
Car -1 -1 -10.0000 -1.00 -1.00 -1.00 -1.00 2.992 0.417 1.652 54.053 -8.377 0.559 -2.7607 0.5340
Car -1 -1 -10.0000 -1.00 -1.00 -1.00 -1.00 3.163 3.015 2.086 57.546 -4.076 0.595 1.9502 0.8931
Car -1 -1 -10.0000 -1.00 -1.00 -1.00 -1.00 2.004 1.306 0.704 23.613 10.882 -0.073 1.3788 0.6407
Car -1 -1 -10.0000 -1.00 -1.00 -1.00 -1.00 3.234 0.323 1.646 -58.219 6.776 0.591 -2.9927 0.4381
Car -1 -1 -10.0000 -1.00 -1.00 -1.00 -1.00 2.862 1.123 0.795 59.288 -3.610 0.800 1.2995 0.4350
Car -1 -1 -10.0000 -1.00 -1.00 -1.00 -1.00 0.836 1.103 0.833 7.220 34.066 0.570 1.9925 0.5124
Car -1 -1 -10.0000 -1.00 -1.00 -1.00 -1.00 2.691 1.089 0.866 -48.792 5.469 -0.021 1.1507 0.5044
Car -1 -1 -10.0000 -1.00 -1.00 -1.00 -1.00 2.754 2.597 2.058 -49.510 -3.557 -0.019 1.7019 0.9166
Car -1 -1 -10.0000 -1.00 -1.00 -1.00 -1.00 2.424 1.220 0.631 -47.717 -12.795 0.124 1.8254 0.4932
Car -1 -1 -10.0000 -1.00 -1.00 -1.00 -1.00 1.802 4.198 7.493 9.517 3.852 -0.498 2.6066 0.9900
Car -1 -1 -10.0000 -1.00 -1.00 -1.00 -1.00 1.192 0.725 2.875 -4.063 17.048 -0.208 -3.1189 0.7407
Car -1 -1 -10.0000 -1.00 -1.00 -1.00 -1.00 1.639 2.376 1.969 -7.144 15.655 -0.557 0.8915 0.8276
Pedestrian -1 -1 -10.0000 -1.00 -1.00 -1.00 -1.00 1.496 1.043 0.934 -51.154 -2.398 -0.379 1.8805 0.4077
Cyclist -1 -1 -10.0000 -1.00 -1.00 -1.00 -1.00 1.373 0.774 1.579 -40.883 19.181 -0.550 -2.9586 0.5542
Car -1 -1 -10.0000 -1.00 -1.00 -1.00 -1.00 1.177 4.658 1.008 -29.117 10.977 -0.430 1.6656 0.7759
Car -1 -1 -10.0000 -1.00 -1.00 -1.00 -1.00 0.857 0.806 0.893 -3.921 19.135 -0.373 2.4559 0.6649
Car -1 -1 -10.0000 -1.00 -1.00 -1.00 -1.00 1.199 0.370 1.008 -4.592 21.424 -0.568 3.0823 0.4085
Car -1 -1 -10.0000 -1.00 -1.00 -1.00 -1.00 1.017 1.993 0.303 -8.434 17.649 -0.449 1.5260 0.6984
Car -1 -1 -10.0000 -1.00 -1.00 -1.00 -1.00 0.654 0.130 0.442 -20.046 -7.237 -0.288 -3.1275 0.3749
Car -1 -1 -10.0000 -1.00 -1.00 -1.00 -1.00 0.866 1.211 0.955 -45.979 -11.389 -0.894 2.1638 0.4500
Car -1 -1 -10.0000 -1.00 -1.00 -1.00 -1.00 1.291 1.686 3.606 21.538 -2.475 -0.741 -2.7380 0.8303
Car -1 -1 -10.0000 -1.00 -1.00 -1.00 -1.00 0.942 0.381 2.120 30.419 4.406 -0.920 3.0620 0.4815
Car -1 -1 -10.0000 -1.00 -1.00 -1.00 -1.00 1.287 2.357 4.078 -16.488 4.363 -0.756 -2.7331 0.9062
Car -1 -1 -10.0000 -1.00 -1.00 -1.00 -1.00 1.301 1.887 4.077 -13.941 -2.566 -0.749 -3.0661 0.8668
Car -1 -1 -10.0000 -1.00 -1.00 -1.00 -1.00 0.280 1.554 0.575 45.062 5.012 -1.113 1.6495 0.4375
Car -1 -1 -10.0000 -1.00 -1.00 -1.00 -1.00 0.880 1.780 2.565 -25.777 -7.630 -0.953 -2.8848 0.7131
Car -1 -1 -10.0000 -1.00 -1.00 -1.00 -1.00 0.608 1.038 8.945 -19.396 9.285 -1.095 -3.1224 0.7938
Car -1 -1 -10.0000 -1.00 -1.00 -1.00 -1.00 0.631 0.588 1.926 -21.371 3.761 -1.069 -3.0350 0.4997
Car -1 -1 -10.0000 -1.00 -1.00 -1.00 -1.00 0.748 1.195 2.805 -18.695 -4.929 -1.022 -2.8028 0.6318
Car -1 -1 -10.0000 -1.00 -1.00 -1.00 -1.00 0.830 2.165 1.263 -6.264 13.699 -0.948 1.1603 0.7375
Car -1 -1 -10.0000 -1.00 -1.00 -1.00 -1.00 1.179 1.263 2.223 -7.659 4.653 -0.808 -2.7005 0.7552
Car -1 -1 -10.0000 -1.00 -1.00 -1.00 -1.00 1.204 1.594 3.582 4.072 -2.444 -0.797 3.0967 0.8146
Car -1 -1 -10.0000 -1.00 -1.00 -1.00 -1.00 1.005 1.766 4.425 -3.259 4.825 -0.896 -3.0430 0.8309
Car -1 -1 -10.0000 -1.00 -1.00 -1.00 -1.00 0.191 0.291 0.394 -1.023 1.157 -0.590 2.5496 0.4412
