Car -1 -1 -10.0000 -1.00 -1.00 -1.00 -1.00 2.792 5.587 8.530 31.307 8.844 0.012 2.5797 0.9900
Car -1 -1 -10.0000 -1.00 -1.00 -1.00 -1.00 1.665 1.764 0.979 23.948 8.463 0.215 1.1295 0.7393
Car -1 -1 -10.0000 -1.00 -1.00 -1.00 -1.00 2.279 9.597 28.906 3.849 12.368 -0.260 3.0944 0.9900
Car -1 -1 -10.0000 -1.00 -1.00 -1.00 -1.00 2.133 2.834 1.324 5.644 15.021 -0.272 1.1085 0.8327
Car -1 -1 -10.0000 -1.00 -1.00 -1.00 -1.00 1.940 2.473 1.543 -7.588 15.580 -0.141 1.1082 0.8112
Car -1 -1 -10.0000 -1.00 -1.00 -1.00 -1.00 2.584 5.948 16.133 -22.215 10.459 -0.107 -2.9354 0.9900
Car -1 -1 -10.0000 -1.00 -1.00 -1.00 -1.00 2.673 9.262 2.525 -53.986 10.519 0.770 1.5198 0.9900
Pedestrian -1 -1 -10.0000 -1.00 -1.00 -1.00 -1.00 1.711 0.287 0.525 -18.484 -3.878 -0.002 -2.5981 0.5255
Car -1 -1 -10.0000 -1.00 -1.00 -1.00 -1.00 2.554 1.101 14.725 -27.189 -6.413 -0.120 3.0928 0.9900
Car -1 -1 -10.0000 -1.00 -1.00 -1.00 -1.00 2.284 11.005 32.130 -2.809 -11.719 -0.257 3.0705 0.9900
Car -1 -1 -10.0000 -1.00 -1.00 -1.00 -1.00 1.672 3.844 2.321 5.648 -22.452 0.213 2.0395 0.9386
Car -1 -1 -10.0000 -1.00 -1.00 -1.00 -1.00 0.956 0.100 0.932 11.652 -24.236 0.643 3.0970 0.5782
Car -1 -1 -10.0000 -1.00 -1.00 -1.00 -1.00 1.623 6.099 1.776 8.243 -15.460 0.069 1.7368 0.9900
Cyclist -1 -1 -10.0000 -1.00 -1.00 -1.00 -1.00 2.345 0.238 2.322 14.227 -24.372 -0.013 -3.1291 0.6967
Pedestrian -1 -1 -10.0000 -1.00 -1.00 -1.00 -1.00 1.438 0.264 0.820 9.670 -12.353 0.026 -2.8853 0.7043
Car -1 -1 -10.0000 -1.00 -1.00 -1.00 -1.00 2.415 1.680 5.737 19.479 -9.184 -0.191 -2.9528 0.9900
Car -1 -1 -10.0000 -1.00 -1.00 -1.00 -1.00 2.797 2.576 9.780 29.810 -8.338 0.003 -3.0604 0.9900
Car -1 -1 -10.0000 -1.00 -1.00 -1.00 -1.00 2.942 1.625 7.638 39.621 -8.422 0.198 -3.1347 0.9900
Car -1 -1 -10.0000 -1.00 -1.00 -1.00 -1.00 2.759 0.257 1.441 44.393 -9.188 0.385 -3.0816 0.4859
Car -1 -1 -10.0000 -1.00 -1.00 -1.00 -1.00 3.337 2.197 1.258 54.428 -9.734 0.424 1.2412 0.8242
Car -1 -1 -10.0000 -1.00 -1.00 -1.00 -1.00 3.066 4.272 4.055 41.473 -4.285 0.152 2.5842 0.9900
Pedestrian -1 -1 -10.0000 -1.00 -1.00 -1.00 -1.00 1.246 0.558 0.296 27.951 -10.238 0.409 1.9302 0.5142
Pedestrian -1 -1 -10.0000 -1.00 -1.00 -1.00 -1.00 1.404 0.898 0.386 57.362 -3.887 1.090 1.4955 0.4005
Car -1 -1 -10.0000 -1.00 -1.00 -1.00 -1.00 2.445 0.586 0.901 36.216 7.221 -0.012 -2.7170 0.4903
Car -1 -1 -10.0000 -1.00 -1.00 -1.00 -1.00 0.576 0.786 1.119 -0.380 23.248 0.459 -2.9659 0.4838
Car -1 -1 -10.0000 -1.00 -1.00 -1.00 -1.00 1.876 0.137 0.968 -6.018 14.044 -0.376 3.1263 0.7040
Car -1 -1 -10.0000 -1.00 -1.00 -1.00 -1.00 0.384 0.659 0.683 29.984 8.674 0.496 -2.5555 0.3863
Car -1 -1 -10.0000 -1.00 -1.00 -1.00 -1.00 1.912 2.900 0.184 -13.357 14.243 -0.435 1.5318 0.7170
Car -1 -1 -10.0000 -1.00 -1.00 -1.00 -1.00 0.367 0.552 0.140 29.091 11.537 0.341 1.5155 0.3748
Cyclist -1 -1 -10.0000 -1.00 -1.00 -1.00 -1.00 1.759 0.606 1.301 -0.933 19.102 -0.476 -2.8280 0.7095
Car -1 -1 -10.0000 -1.00 -1.00 -1.00 -1.00 2.157 4.597 1.494 -59.138 -5.433 -0.267 1.7432 0.8915
Car -1 -1 -10.0000 -1.00 -1.00 -1.00 -1.00 2.548 0.263 1.154 57.157 -9.778 0.256 -3.0029 0.3872
Car -1 -1 -10.0000 -1.00 -1.00 -1.00 -1.00 0.929 0.220 0.563 0.001 11.923 -0.220 3.1281 0.6038
Car -1 -1 -10.0000 -1.00 -1.00 -1.00 -1.00 1.030 3.292 1.179 -23.566 14.540 -0.350 1.3358 0.7417
Car -1 -1 -10.0000 -1.00 -1.00 -1.00 -1.00 0.570 0.210 1.489 -24.854 16.922 -0.312 3.1394 0.4846
Car -1 -1 -10.0000 -1.00 -1.00 -1.00 -1.00 1.032 1.837 1.233 -40.264 12.137 -0.641 0.9799 0.5206
Car -1 -1 -10.0000 -1.00 -1.00 -1.00 -1.00 1.153 4.810 1.647 -45.382 11.556 -0.731 1.5880 0.8151
Cyclist -1 -1 -10.0000 -1.00 -1.00 -1.00 -1.00 1.143 0.571 1.237 -19.986 12.979 -0.703 -2.7070 0.4888
Car -1 -1 -10.0000 -1.00 -1.00 -1.00 -1.00 1.446 4.650 6.013 -19.874 3.679 -0.668 0.8524 0.9900
Car -1 -1 -10.0000 -1.00 -1.00 -1.00 -1.00 0.978 1.068 0.233 -22.647 4.998 -0.893 1.5635 0.6600
Car -1 -1 -10.0000 -1.00 -1.00 -1.00 -1.00 0.848 1.610 1.963 -29.201 -2.324 -0.975 -2.8169 0.5443
Car -1 -1 -10.0000 -1.00 -1.00 -1.00 -1.00 0.719 1.814 1.725 29.529 4.464 -0.953 2.2435 0.6659
Car -1 -1 -10.0000 -1.00 -1.00 -1.00 -1.00 1.074 1.645 3.584 14.975 4.747 -0.860 -3.1377 0.8055
Car -1 -1 -10.0000 -1.00 -1.00 -1.00 -1.00 0.444 1.748 0.718 22.453 8.668 -0.775 1.4082 0.6192
Car -1 -1 -10.0000 -1.00 -1.00 -1.00 -1.00 0.458 1.051 1.461 -34.840 -4.158 -1.150 -2.8702 0.4294
Car -1 -1 -10.0000 -1.00 -1.00 -1.00 -1.00 1.118 2.350 1.668 34.865 -6.141 -0.840 1.0576 0.5352
Car -1 -1 -10.0000 -1.00 -1.00 -1.00 -1.00 1.026 1.712 3.867 9.952 4.911 -0.886 2.9595 0.8132
Car -1 -1 -10.0000 -1.00 -1.00 -1.00 -1.00 0.403 1.179 0.577 12.267 -21.119 -1.087 1.1310 0.4527
Car -1 -1 -10.0000 -1.00 -1.00 -1.00 -1.00 0.946 1.695 3.470 -11.772 -2.430 -0.921 2.7598 0.7927
Car -1 -1 -10.0000 -1.00 -1.00 -1.00 -1.00 0.408 1.755 1.287 6.370 -12.302 -0.835 2.9492 0.6532
Car -1 -1 -10.0000 -1.00 -1.00 -1.00 -1.00 0.029 0.796 0.772 24.161 -8.512 -1.382 0.8795 0.3746
Car -1 -1 -10.0000 -1.00 -1.00 -1.00 -1.00 0.846 1.614 3.374 -7.526 5.290 -0.976 -2.8296 0.7768
Car -1 -1 -10.0000 -1.00 -1.00 -1.00 -1.00 1.120 1.587 3.745 5.484 -2.599 -0.839 -2.8019 0.8109
Car -1 -1 -10.0000 -1.00 -1.00 -1.00 -1.00 0.928 1.723 4.372 2.175 5.300 -0.935 3.1056 0.8165
Car -1 -1 -10.0000 -1.00 -1.00 -1.00 -1.00 0.254 0.457 0.367 -1.012 1.199 -0.605 2.2095 0.4559
