Car -1 -1 -10.0000 -1.00 -1.00 -1.00 -1.00 2.300 3.685 7.910 45.541 8.674 0.753 2.8871 0.9900
Pedestrian -1 -1 -10.0000 -1.00 -1.00 -1.00 -1.00 1.626 0.603 0.874 38.266 8.507 0.708 -2.8168 0.4319
Car -1 -1 -10.0000 -1.00 -1.00 -1.00 -1.00 1.291 1.784 15.446 24.519 8.966 0.687 3.0846 0.9900
Car -1 -1 -10.0000 -1.00 -1.00 -1.00 -1.00 0.887 1.456 0.423 22.167 11.263 0.611 1.6768 0.4908
Car -1 -1 -10.0000 -1.00 -1.00 -1.00 -1.00 2.230 10.170 12.606 9.918 12.891 -0.284 2.8869 0.9900
Pedestrian -1 -1 -10.0000 -1.00 -1.00 -1.00 -1.00 1.994 0.855 1.040 10.046 16.503 -0.125 1.2406 0.6492
Car -1 -1 -10.0000 -1.00 -1.00 -1.00 -1.00 2.472 7.128 3.618 3.352 21.699 -0.163 2.0182 0.9900
Car -1 -1 -10.0000 -1.00 -1.00 -1.00 -1.00 0.912 0.447 2.664 3.256 29.346 0.755 2.9989 0.7099
Car -1 -1 -10.0000 -1.00 -1.00 -1.00 -1.00 2.101 13.122 12.505 -5.468 15.367 -0.349 -2.6410 0.9900
Car -1 -1 -10.0000 -1.00 -1.00 -1.00 -1.00 2.157 2.710 3.018 -14.068 8.883 -0.321 1.9524 0.9900
Car -1 -1 -10.0000 -1.00 -1.00 -1.00 -1.00 2.287 2.265 8.567 -22.510 11.649 0.058 -3.1344 0.9900
Car -1 -1 -10.0000 -1.00 -1.00 -1.00 -1.00 2.985 12.231 3.355 -39.583 11.002 0.169 1.5362 0.9900
Car -1 -1 -10.0000 -1.00 -1.00 -1.00 -1.00 2.978 0.284 1.176 -44.508 5.852 0.242 3.1148 0.4000
Car -1 -1 -10.0000 -1.00 -1.00 -1.00 -1.00 3.426 0.591 1.038 -57.017 6.793 0.425 -2.9549 0.4832
Car -1 -1 -10.0000 -1.00 -1.00 -1.00 -1.00 3.369 4.113 2.598 -55.187 -4.804 0.437 2.1596 0.9520
Car -1 -1 -10.0000 -1.00 -1.00 -1.00 -1.00 3.081 6.817 2.977 -45.242 -7.022 0.252 1.4432 0.9900
Car -1 -1 -10.0000 -1.00 -1.00 -1.00 -1.00 3.428 5.426 6.230 -53.241 -13.004 0.465 -2.4757 0.9900
Car -1 -1 -10.0000 -1.00 -1.00 -1.00 -1.00 2.293 1.807 24.765 -7.997 -7.145 -0.253 3.1371 0.9900
Pedestrian -1 -1 -10.0000 -1.00 -1.00 -1.00 -1.00 1.791 0.241 0.205 -3.691 -4.122 -0.501 0.9931 0.6966
Car -1 -1 -10.0000 -1.00 -1.00 -1.00 -1.00 0.474 2.125 1.334 -1.412 -10.641 0.355 2.2675 0.7140
Car -1 -1 -10.0000 -1.00 -1.00 -1.00 -1.00 0.705 1.033 1.572 4.675 -15.653 0.428 -3.0643 0.7014
Car -1 -1 -10.0000 -1.00 -1.00 -1.00 -1.00 0.234 0.390 0.192 4.050 -11.457 0.507 1.3620 0.4259
Car -1 -1 -10.0000 -1.00 -1.00 -1.00 -1.00 2.464 14.863 20.485 15.185 -11.920 -0.167 -3.0218 0.9900
Pedestrian -1 -1 -10.0000 -1.00 -1.00 -1.00 -1.00 1.571 0.312 0.192 24.215 -9.671 0.308 1.8512 0.5123
Car -1 -1 -10.0000 -1.00 -1.00 -1.00 -1.00 2.542 3.315 4.672 27.712 -6.530 -0.088 -2.5316 0.9900
Car -1 -1 -10.0000 -1.00 -1.00 -1.00 -1.00 2.740 2.218 4.409 35.119 -7.884 0.112 -2.8834 0.9900
Car -1 -1 -10.0000 -1.00 -1.00 -1.00 -1.00 2.884 1.417 3.112 41.738 -7.903 0.253 -2.8555 0.9008
Car -1 -1 -10.0000 -1.00 -1.00 -1.00 -1.00 2.831 0.201 2.908 45.583 -7.915 0.377 3.1278 0.5328
Car -1 -1 -10.0000 -1.00 -1.00 -1.00 -1.00 2.969 0.175 1.748 48.108 -7.919 0.396 -3.1116 0.4704
Car -1 -1 -10.0000 -1.00 -1.00 -1.00 -1.00 2.908 0.456 1.466 52.400 -8.150 0.548 -2.7998 0.5262
Car -1 -1 -10.0000 -1.00 -1.00 -1.00 -1.00 3.141 3.779 3.080 56.585 -3.794 0.607 -2.9763 0.9584
Pedestrian -1 -1 -10.0000 -1.00 -1.00 -1.00 -1.00 2.048 0.117 0.429 8.135 14.059 -0.367 -3.1378 0.6926
Car -1 -1 -10.0000 -1.00 -1.00 -1.00 -1.00 0.824 1.011 0.727 5.014 34.003 0.727 0.9002 0.4582
Car -1 -1 -10.0000 -1.00 -1.00 -1.00 -1.00 2.494 1.107 0.600 -49.217 -13.066 0.120 1.6596 0.4609
Car -1 -1 -10.0000 -1.00 -1.00 -1.00 -1.00 1.756 4.314 5.966 7.243 3.893 -0.521 2.5961 0.9900
Car -1 -1 -10.0000 -1.00 -1.00 -1.00 -1.00 2.535 1.987 2.101 -50.784 -3.984 0.126 1.7019 0.8347
Car -1 -1 -10.0000 -1.00 -1.00 -1.00 -1.00 1.727 4.362 4.854 -7.366 15.917 -0.469 -2.5440 0.9900
Car -1 -1 -10.0000 -1.00 -1.00 -1.00 -1.00 1.570 1.575 0.563 -50.401 5.562 -0.068 1.3003 0.4640
Car -1 -1 -10.0000 -1.00 -1.00 -1.00 -1.00 1.538 1.188 1.018 -52.752 -2.519 -0.394 0.8292 0.4718
Car -1 -1 -10.0000 -1.00 -1.00 -1.00 -1.00 0.874 0.602 0.717 -5.707 19.296 -0.261 2.5220 0.5326
Pedestrian -1 -1 -10.0000 -1.00 -1.00 -1.00 -1.00 1.247 0.569 0.650 -6.844 21.476 -0.452 2.7246 0.6008
Car -1 -1 -10.0000 -1.00 -1.00 -1.00 -1.00 0.959 1.700 0.499 -10.129 17.301 -0.303 1.4033 0.7054
Cyclist -1 -1 -10.0000 -1.00 -1.00 -1.00 -1.00 1.415 0.397 1.512 -42.610 18.848 -0.574 -3.1241 0.4398
Car -1 -1 -10.0000 -1.00 -1.00 -1.00 -1.00 1.027 4.395 1.110 -30.683 11.002 -0.558 1.7129 0.7653
Car -1 -1 -10.0000 -1.00 -1.00 -1.00 -1.00 1.121 1.186 1.091 30.375 4.989 -0.781 2.1589 0.4076
Car -1 -1 -10.0000 -1.00 -1.00 -1.00 -1.00 0.890 0.865 0.963 -47.468 -11.405 -0.927 2.4650 0.4218
Car -1 -1 -10.0000 -1.00 -1.00 -1.00 -1.00 0.979 0.495 1.758 28.611 4.578 -0.907 3.0188 0.5080
Car -1 -1 -10.0000 -1.00 -1.00 -1.00 -1.00 1.072 0.535 3.284 24.319 4.684 -0.858 -3.1248 0.6214
Car -1 -1 -10.0000 -1.00 -1.00 -1.00 -1.00 1.063 3.421 2.387 -1.021 24.980 -0.826 2.0229 0.8420
Car -1 -1 -10.0000 -1.00 -1.00 -1.00 -1.00 1.254 2.363 3.800 -17.932 4.314 -0.770 -2.6932 0.8877
Car -1 -1 -10.0000 -1.00 -1.00 -1.00 -1.00 1.254 1.834 3.594 -15.056 -2.604 -0.754 -3.0821 0.8378
Car -1 -1 -10.0000 -1.00 -1.00 -1.00 -1.00 1.180 1.645 3.259 19.875 -2.444 -0.789 -2.6910 0.8053
Car -1 -1 -10.0000 -1.00 -1.00 -1.00 -1.00 0.270 1.506 0.515 43.493 5.186 -1.068 1.6576 0.4443
Car -1 -1 -10.0000 -1.00 -1.00 -1.00 -1.00 0.815 1.462 2.514 -27.269 -7.555 -0.956 -2.9226 0.6546
Car -1 -1 -10.0000 -1.00 -1.00 -1.00 -1.00 0.708 0.955 7.743 -22.601 9.174 -1.044 -3.1134 0.7826
Car -1 -1 -10.0000 -1.00 -1.00 -1.00 -1.00 0.792 1.256 2.761 -20.134 -4.941 -1.002 -2.8169 0.6531
Car -1 -1 -10.0000 -1.00 -1.00 -1.00 -1.00 1.166 1.262 2.244 -9.185 4.624 -0.815 -2.6778 0.7550
Car -1 -1 -10.0000 -1.00 -1.00 -1.00 -1.00 0.034 1.273 1.096 31.900 -7.727 -1.257 0.9018 0.3932
Car -1 -1 -10.0000 -1.00 -1.00 -1.00 -1.00 0.984 1.820 4.325 -4.691 4.817 -0.907 -2.9750 0.8291
Car -1 -1 -10.0000 -1.00 -1.00 -1.00 -1.00 1.186 2.246 3.505 2.607 -2.127 -0.806 3.0804 0.8556
Car -1 -1 -10.0000 -1.00 -1.00 -1.00 -1.00 0.229 0.391 0.358 -1.004 1.217 -0.609 2.4103 0.4261
Car -1 -1 -10.0000 -1.00 -1.00 -1.00 -1.00 0.189 0.348 0.220 -0.888 -1.277 -0.591 1.0497 0.3837
