Car -1 -1 -10.0000 -1.00 -1.00 -1.00 -1.00 2.840 0.777 1.687 41.772 7.566 0.250 -3.0759 0.5309
Car -1 -1 -10.0000 -1.00 -1.00 -1.00 -1.00 2.874 4.582 8.197 36.736 8.845 0.174 2.7570 0.9900
Car -1 -1 -10.0000 -1.00 -1.00 -1.00 -1.00 1.994 1.695 2.222 28.910 8.781 0.236 -2.6941 0.8080
Car -1 -1 -10.0000 -1.00 -1.00 -1.00 -1.00 2.461 7.931 28.839 9.528 10.852 -0.169 3.1328 0.9900
Car -1 -1 -10.0000 -1.00 -1.00 -1.00 -1.00 1.703 4.083 1.152 13.164 13.972 0.047 1.5550 0.8272
Car -1 -1 -10.0000 -1.00 -1.00 -1.00 -1.00 2.159 4.411 3.079 1.470 15.868 -0.296 2.4966 0.9900
Car -1 -1 -10.0000 -1.00 -1.00 -1.00 -1.00 1.953 2.024 3.095 -3.412 11.808 -0.311 -2.9628 0.9039
Car -1 -1 -10.0000 -1.00 -1.00 -1.00 -1.00 0.041 1.490 0.336 -10.450 17.260 0.893 1.5658 0.3746
Car -1 -1 -10.0000 -1.00 -1.00 -1.00 -1.00 2.264 7.962 10.103 -12.842 11.489 -0.267 -2.7297 0.9900
Car -1 -1 -10.0000 -1.00 -1.00 -1.00 -1.00 2.336 4.196 5.417 -20.365 9.628 -0.196 -2.7363 0.9900
Car -1 -1 -10.0000 -1.00 -1.00 -1.00 -1.00 2.730 11.203 3.064 -48.226 10.759 0.562 1.5300 0.9900
Car -1 -1 -10.0000 -1.00 -1.00 -1.00 -1.00 3.328 6.202 3.378 -54.421 -6.332 0.439 1.4171 0.9900
Car -1 -1 -10.0000 -1.00 -1.00 -1.00 -1.00 2.579 3.728 24.813 -16.333 -7.923 -0.110 3.0921 0.9900
Pedestrian -1 -1 -10.0000 -1.00 -1.00 -1.00 -1.00 1.584 0.293 0.393 -12.628 -3.964 -0.132 -2.4802 0.5608
Car -1 -1 -10.0000 -1.00 -1.00 -1.00 -1.00 0.461 0.540 0.295 -9.776 -11.015 0.484 1.9253 0.6003
Car -1 -1 -10.0000 -1.00 -1.00 -1.00 -1.00 2.247 10.971 18.994 6.075 -11.806 -0.276 3.1085 0.9900
Car -1 -1 -10.0000 -1.00 -1.00 -1.00 -1.00 2.056 1.417 2.268 4.224 -18.654 -0.143 -3.0919 0.8098
Car -1 -1 -10.0000 -1.00 -1.00 -1.00 -1.00 0.726 0.345 0.431 12.073 -20.306 0.644 -2.5818 0.4028
Car -1 -1 -10.0000 -1.00 -1.00 -1.00 -1.00 1.585 0.918 0.953 15.771 -11.818 0.098 -2.4149 0.7229
Car -1 -1 -10.0000 -1.00 -1.00 -1.00 -1.00 2.300 0.745 2.714 17.672 -7.964 -0.249 -2.9487 0.7775
Car -1 -1 -10.0000 -1.00 -1.00 -1.00 -1.00 2.591 1.351 5.232 25.642 -8.679 -0.100 -2.9568 0.9900
Car -1 -1 -10.0000 -1.00 -1.00 -1.00 -1.00 2.946 0.957 8.844 35.531 -8.494 0.113 -3.0763 0.9900
Car -1 -1 -10.0000 -1.00 -1.00 -1.00 -1.00 3.177 0.844 6.566 45.431 -8.366 0.270 -3.1220 0.9731
Car -1 -1 -10.0000 -1.00 -1.00 -1.00 -1.00 2.916 0.226 0.343 39.637 -6.601 0.114 -2.7462 0.4048
Car -1 -1 -10.0000 -1.00 -1.00 -1.00 -1.00 3.211 4.890 2.554 47.385 -4.082 0.257 1.4937 0.9900
Car -1 -1 -10.0000 -1.00 -1.00 -1.00 -1.00 2.708 1.387 1.326 49.438 -3.991 0.527 1.9450 0.6042
Car -1 -1 -10.0000 -1.00 -1.00 -1.00 -1.00 1.975 1.275 0.128 0.047 14.516 -0.386 1.4937 0.5413
Car -1 -1 -10.0000 -1.00 -1.00 -1.00 -1.00 1.879 1.343 1.436 0.823 20.006 -0.437 2.9775 0.7602
Car -1 -1 -10.0000 -1.00 -1.00 -1.00 -1.00 0.124 0.208 1.604 0.972 23.688 0.508 3.1008 0.4628
Cyclist -1 -1 -10.0000 -1.00 -1.00 -1.00 -1.00 1.387 0.210 1.450 -30.728 12.227 0.019 -3.1396 0.4479
Car -1 -1 -10.0000 -1.00 -1.00 -1.00 -1.00 1.744 1.242 0.543 -58.124 -12.489 0.242 1.7042 0.4291
Car -1 -1 -10.0000 -1.00 -1.00 -1.00 -1.00 1.863 2.018 0.990 -59.373 -3.547 -0.121 1.6664 0.6489
Car -1 -1 -10.0000 -1.00 -1.00 -1.00 -1.00 1.236 1.349 1.631 5.740 -10.470 -0.123 2.9644 0.6220
Car -1 -1 -10.0000 -1.00 -1.00 -1.00 -1.00 1.525 1.661 0.068 -7.875 18.809 -0.489 1.5783 0.4362
Car -1 -1 -10.0000 -1.00 -1.00 -1.00 -1.00 0.978 2.830 2.049 -17.395 15.434 -0.207 0.9406 0.7872
Car -1 -1 -10.0000 -1.00 -1.00 -1.00 -1.00 1.631 2.277 4.852 -8.778 2.606 -0.584 -2.8188 0.9900
Car -1 -1 -10.0000 -1.00 -1.00 -1.00 -1.00 0.935 0.742 1.268 -19.108 16.881 -0.300 -2.8054 0.6526
Car -1 -1 -10.0000 -1.00 -1.00 -1.00 -1.00 0.465 0.594 1.785 -34.234 12.459 -0.082 -2.9033 0.4564
Car -1 -1 -10.0000 -1.00 -1.00 -1.00 -1.00 0.521 3.459 0.981 -39.415 10.698 -0.117 1.6233 0.5912
Car -1 -1 -10.0000 -1.00 -1.00 -1.00 -1.00 0.647 0.863 0.553 8.057 -10.680 -0.139 2.1334 0.4307
Car -1 -1 -10.0000 -1.00 -1.00 -1.00 -1.00 1.230 1.383 3.859 -26.619 3.947 -0.762 -2.9601 0.7954
Car -1 -1 -10.0000 -1.00 -1.00 -1.00 -1.00 1.059 1.813 3.615 -23.686 -2.424 -0.842 -2.9524 0.8024
Car -1 -1 -10.0000 -1.00 -1.00 -1.00 -1.00 0.651 1.612 1.562 35.275 4.850 -1.067 2.1913 0.5968
Car -1 -1 -10.0000 -1.00 -1.00 -1.00 -1.00 0.908 1.662 3.545 20.678 4.961 -0.931 3.1103 0.7751
Car -1 -1 -10.0000 -1.00 -1.00 -1.00 -1.00 0.654 1.385 2.657 -28.945 -4.556 -1.064 -2.7633 0.5938
Car -1 -1 -10.0000 -1.00 -1.00 -1.00 -1.00 0.940 1.603 3.780 15.583 5.082 -0.914 2.9798 0.7949
Car -1 -1 -10.0000 -1.00 -1.00 -1.00 -1.00 0.490 0.935 0.541 -16.543 13.593 -0.867 1.1717 0.4594
Pedestrian -1 -1 -10.0000 -1.00 -1.00 -1.00 -1.00 1.450 0.656 0.996 11.897 11.264 -0.274 3.0891 0.3901
Car -1 -1 -10.0000 -1.00 -1.00 -1.00 -1.00 1.111 1.641 3.624 11.204 -2.484 -0.841 -2.7691 0.8101
Car -1 -1 -10.0000 -1.00 -1.00 -1.00 -1.00 0.926 1.741 4.307 7.668 5.431 -0.936 3.0002 0.8157
Car -1 -1 -10.0000 -1.00 -1.00 -1.00 -1.00 1.141 1.007 0.069 -0.012 11.030 -0.641 1.5433 0.3756
Car -1 -1 -10.0000 -1.00 -1.00 -1.00 -1.00 0.218 0.115 0.176 -2.731 -12.417 -0.778 2.7098 0.3744
Car -1 -1 -10.0000 -1.00 -1.00 -1.00 -1.00 1.058 1.584 3.427 -6.049 -2.439 -0.870 2.8069 0.7957
Car -1 -1 -10.0000 -1.00 -1.00 -1.00 -1.00 0.908 1.686 3.704 -2.194 5.226 -0.945 -3.1084 0.7945
Car -1 -1 -10.0000 -1.00 -1.00 -1.00 -1.00 0.249 0.448 0.341 -1.003 1.237 -0.605 2.2165 0.4415
Car -1 -1 -10.0000 -1.00 -1.00 -1.00 -1.00 0.238 0.429 0.346 -0.948 -1.315 -0.612 0.9440 0.3840
