Car -1 -1 -10.0000 -1.00 -1.00 -1.00 -1.00 2.777 0.287 1.161 40.915 7.665 0.244 -3.0828 0.4563
Car -1 -1 -10.0000 -1.00 -1.00 -1.00 -1.00 2.815 4.873 8.040 35.846 8.833 0.172 2.7302 0.9900
Car -1 -1 -10.0000 -1.00 -1.00 -1.00 -1.00 1.794 1.745 1.073 28.763 8.701 0.308 1.1041 0.7338
Car -1 -1 -10.0000 -1.00 -1.00 -1.00 -1.00 2.427 7.398 28.860 8.683 10.534 -0.186 3.1305 0.9900
Car -1 -1 -10.0000 -1.00 -1.00 -1.00 -1.00 1.489 3.275 1.769 12.042 14.232 0.146 1.7682 0.8419
Car -1 -1 -10.0000 -1.00 -1.00 -1.00 -1.00 2.163 3.602 3.643 0.409 15.383 -0.297 -2.3866 0.9900
Car -1 -1 -10.0000 -1.00 -1.00 -1.00 -1.00 2.056 2.508 2.780 -4.317 11.574 -0.354 -2.8779 0.9389
Car -1 -1 -10.0000 -1.00 -1.00 -1.00 -1.00 0.034 1.300 0.099 -11.365 16.425 0.885 1.4990 0.3744
Car -1 -1 -10.0000 -1.00 -1.00 -1.00 -1.00 2.424 7.602 14.597 -15.836 11.315 -0.186 -2.8400 0.9900
Car -1 -1 -10.0000 -1.00 -1.00 -1.00 -1.00 2.816 11.003 3.708 -49.013 10.877 0.547 1.5206 0.9900
Car -1 -1 -10.0000 -1.00 -1.00 -1.00 -1.00 3.395 6.129 3.480 -55.210 -6.305 0.451 1.3785 0.9900
Car -1 -1 -10.0000 -1.00 -1.00 -1.00 -1.00 2.548 0.861 5.999 -26.566 -6.464 -0.112 3.0754 0.9193
Pedestrian -1 -1 -10.0000 -1.00 -1.00 -1.00 -1.00 1.611 0.314 0.418 -13.481 -3.955 -0.116 -2.5658 0.5767
Car -1 -1 -10.0000 -1.00 -1.00 -1.00 -1.00 2.405 3.315 17.916 -13.867 -7.819 -0.197 3.0829 0.9900
Car -1 -1 -10.0000 -1.00 -1.00 -1.00 -1.00 0.643 0.580 0.320 -10.791 -10.797 0.405 1.9730 0.5951
Car -1 -1 -10.0000 -1.00 -1.00 -1.00 -1.00 2.282 11.795 22.456 6.950 -12.203 -0.258 3.1084 0.9900
Cyclist -1 -1 -10.0000 -1.00 -1.00 -1.00 -1.00 1.164 1.152 1.405 2.425 -18.785 0.282 2.8825 0.7027
Car -1 -1 -10.0000 -1.00 -1.00 -1.00 -1.00 1.078 1.043 2.290 4.860 -12.170 0.138 3.0962 0.6554
Cyclist -1 -1 -10.0000 -1.00 -1.00 -1.00 -1.00 1.533 0.723 1.382 14.704 -12.073 0.103 -2.8047 0.7255
Car -1 -1 -10.0000 -1.00 -1.00 -1.00 -1.00 2.529 1.324 5.318 24.730 -8.784 -0.096 -2.9696 0.9900
Car -1 -1 -10.0000 -1.00 -1.00 -1.00 -1.00 2.897 3.203 9.645 35.062 -7.489 0.098 -2.9954 0.9900
Car -1 -1 -10.0000 -1.00 -1.00 -1.00 -1.00 3.028 1.754 7.171 44.467 -8.009 0.324 3.1293 0.9842
Car -1 -1 -10.0000 -1.00 -1.00 -1.00 -1.00 3.566 1.113 1.067 58.650 -9.621 0.452 1.7987 0.6831
Car -1 -1 -10.0000 -1.00 -1.00 -1.00 -1.00 3.108 4.432 3.524 46.744 -4.141 0.290 2.8242 0.9900
Car -1 -1 -10.0000 -1.00 -1.00 -1.00 -1.00 1.989 2.378 1.006 5.006 14.864 -0.405 1.5720 0.7790
Cyclist -1 -1 -10.0000 -1.00 -1.00 -1.00 -1.00 1.698 0.261 1.754 -0.222 23.669 -0.279 3.1093 0.4883
Car -1 -1 -10.0000 -1.00 -1.00 -1.00 -1.00 1.728 1.384 2.267 -0.521 19.969 -0.363 3.0936 0.7903
Car -1 -1 -10.0000 -1.00 -1.00 -1.00 -1.00 1.884 2.209 0.148 -8.609 17.514 -0.446 1.5919 0.6594
Cyclist -1 -1 -10.0000 -1.00 -1.00 -1.00 -1.00 1.437 0.119 1.699 -31.976 12.312 0.009 -3.1342 0.5408
Car -1 -1 -10.0000 -1.00 -1.00 -1.00 -1.00 0.995 2.986 2.051 -18.325 15.323 -0.214 0.9917 0.7924
Car -1 -1 -10.0000 -1.00 -1.00 -1.00 -1.00 0.817 0.608 1.445 -19.997 16.927 -0.241 -2.8566 0.6566
Car -1 -1 -10.0000 -1.00 -1.00 -1.00 -1.00 0.931 0.606 2.352 -34.797 12.569 -0.317 -2.9778 0.5580
Car -1 -1 -10.0000 -1.00 -1.00 -1.00 -1.00 1.591 2.284 5.281 -10.592 2.589 -0.604 -2.8029 0.9900
Car -1 -1 -10.0000 -1.00 -1.00 -1.00 -1.00 0.527 3.124 0.820 -40.126 10.454 -0.120 1.5937 0.5956
Car -1 -1 -10.0000 -1.00 -1.00 -1.00 -1.00 1.178 1.256 3.664 -27.450 4.186 -0.751 -3.0244 0.7028
Car -1 -1 -10.0000 -1.00 -1.00 -1.00 -1.00 0.947 1.810 3.439 -24.628 -2.425 -0.803 -2.9930 0.7642
Car -1 -1 -10.0000 -1.00 -1.00 -1.00 -1.00 0.749 1.343 1.511 6.813 -11.066 -0.190 2.3818 0.5414
Car -1 -1 -10.0000 -1.00 -1.00 -1.00 -1.00 1.051 1.477 3.675 19.868 4.842 -0.863 3.1389 0.7867
Car -1 -1 -10.0000 -1.00 -1.00 -1.00 -1.00 0.169 1.588 0.669 27.299 8.634 -0.623 1.5172 0.4718
Car -1 -1 -10.0000 -1.00 -1.00 -1.00 -1.00 0.652 1.418 1.442 4.457 -10.339 -0.422 2.1507 0.6058
Car -1 -1 -10.0000 -1.00 -1.00 -1.00 -1.00 0.462 1.632 1.131 34.247 4.825 -1.123 1.8567 0.5837
Car -1 -1 -10.0000 -1.00 -1.00 -1.00 -1.00 0.647 1.162 0.565 -17.317 13.539 -0.824 1.2573 0.4404
Car -1 -1 -10.0000 -1.00 -1.00 -1.00 -1.00 0.993 1.603 3.928 14.788 5.021 -0.900 2.9253 0.8042
Car -1 -1 -10.0000 -1.00 -1.00 -1.00 -1.00 1.159 1.654 3.665 10.338 -2.507 -0.808 -2.7958 0.8171
Car -1 -1 -10.0000 -1.00 -1.00 -1.00 -1.00 0.742 0.514 0.399 -12.259 5.721 -1.013 2.2720 0.5720
Car -1 -1 -10.0000 -1.00 -1.00 -1.00 -1.00 0.969 1.743 4.404 6.841 5.431 -0.914 3.0097 0.8240
Car -1 -1 -10.0000 -1.00 -1.00 -1.00 -1.00 0.029 1.096 0.874 21.475 -8.351 -1.385 0.8609 0.4261
Car -1 -1 -10.0000 -1.00 -1.00 -1.00 -1.00 1.025 1.596 3.347 -6.885 -2.453 -0.887 2.7729 0.7913
Car -1 -1 -10.0000 -1.00 -1.00 -1.00 -1.00 0.904 1.655 3.687 -2.958 5.238 -0.947 -3.0580 0.7919
Car -1 -1 -10.0000 -1.00 -1.00 -1.00 -1.00 0.238 0.428 0.356 -1.003 1.239 -0.606 2.2714 0.4339
Car -1 -1 -10.0000 -1.00 -1.00 -1.00 -1.00 0.202 0.385 0.240 -0.892 -1.291 -0.595 1.0819 0.3927
