Car -1 -1 -10.0000 -1.00 -1.00 -1.00 -1.00 2.666 3.795 8.174 42.855 9.101 0.480 2.8636 0.9900
Car -1 -1 -10.0000 -1.00 -1.00 -1.00 -1.00 2.071 1.524 1.449 36.184 9.184 0.455 1.0633 0.6862
Car -1 -1 -10.0000 -1.00 -1.00 -1.00 -1.00 2.656 2.079 15.429 22.152 9.266 -0.071 3.0829 0.9900
Car -1 -1 -10.0000 -1.00 -1.00 -1.00 -1.00 0.948 1.547 0.524 19.816 11.712 0.500 1.5093 0.5578
Car -1 -1 -10.0000 -1.00 -1.00 -1.00 -1.00 2.137 4.739 12.789 7.696 10.636 -0.331 -3.0351 0.9900
Pedestrian -1 -1 -10.0000 -1.00 -1.00 -1.00 -1.00 2.101 0.246 0.958 5.762 14.021 -0.319 -3.1094 0.7067
Car -1 -1 -10.0000 -1.00 -1.00 -1.00 -1.00 2.087 3.118 0.513 1.502 12.868 -0.345 1.6838 0.7556
Car -1 -1 -10.0000 -1.00 -1.00 -1.00 -1.00 2.163 1.958 0.284 1.398 16.165 -0.302 1.6508 0.6747
Car -1 -1 -10.0000 -1.00 -1.00 -1.00 -1.00 2.258 2.176 0.111 1.405 20.841 -0.195 1.5721 0.4908
Car -1 -1 -10.0000 -1.00 -1.00 -1.00 -1.00 2.318 1.110 4.679 0.368 29.014 0.051 3.1239 0.8987
Car -1 -1 -10.0000 -1.00 -1.00 -1.00 -1.00 2.456 6.781 5.834 0.352 21.699 -0.167 0.8465 0.9900
Car -1 -1 -10.0000 -1.00 -1.00 -1.00 -1.00 2.163 13.433 12.533 -7.817 15.405 -0.318 -2.6043 0.9900
Car -1 -1 -10.0000 -1.00 -1.00 -1.00 -1.00 2.224 2.559 3.461 -16.950 8.679 -0.279 3.0026 0.9900
Car -1 -1 -10.0000 -1.00 -1.00 -1.00 -1.00 1.925 2.194 7.780 -25.269 11.420 0.299 -3.1109 0.9900
Car -1 -1 -10.0000 -1.00 -1.00 -1.00 -1.00 2.892 12.141 3.344 -41.971 10.691 0.274 1.5343 0.9900
Car -1 -1 -10.0000 -1.00 -1.00 -1.00 -1.00 3.507 0.968 1.080 -58.213 -3.578 0.445 2.4564 0.5232
Car -1 -1 -10.0000 -1.00 -1.00 -1.00 -1.00 3.450 1.681 1.258 -56.940 -5.672 0.438 2.1404 0.6212
Car -1 -1 -10.0000 -1.00 -1.00 -1.00 -1.00 3.254 7.187 3.082 -47.686 -7.252 0.267 1.4956 0.9900
Car -1 -1 -10.0000 -1.00 -1.00 -1.00 -1.00 3.433 5.112 5.439 -55.004 -12.909 0.503 -2.4216 0.9900
Car -1 -1 -10.0000 -1.00 -1.00 -1.00 -1.00 2.365 2.611 24.793 -9.776 -7.528 -0.217 3.1385 0.9900
Pedestrian -1 -1 -10.0000 -1.00 -1.00 -1.00 -1.00 1.830 0.230 0.299 -6.043 -4.192 -0.459 -2.4535 0.6717
Car -1 -1 -10.0000 -1.00 -1.00 -1.00 -1.00 0.391 1.267 0.638 -4.340 -9.771 0.385 2.0890 0.6998
Car -1 -1 -10.0000 -1.00 -1.00 -1.00 -1.00 0.299 1.037 0.504 -0.891 -15.075 0.581 1.9419 0.5022
Car -1 -1 -10.0000 -1.00 -1.00 -1.00 -1.00 0.645 2.360 1.951 0.020 -12.595 0.352 2.2628 0.7454
Car -1 -1 -10.0000 -1.00 -1.00 -1.00 -1.00 0.226 1.366 0.524 0.148 -17.116 0.698 1.9336 0.4648
Car -1 -1 -10.0000 -1.00 -1.00 -1.00 -1.00 0.302 0.073 0.331 1.040 -16.125 0.605 3.0964 0.4178
Car -1 -1 -10.0000 -1.00 -1.00 -1.00 -1.00 2.095 1.920 2.489 5.769 -15.929 -0.248 1.0780 0.8645
Car -1 -1 -10.0000 -1.00 -1.00 -1.00 -1.00 2.119 1.650 2.420 6.776 -18.670 -0.171 2.9711 0.7969
Car -1 -1 -10.0000 -1.00 -1.00 -1.00 -1.00 2.333 8.069 4.078 8.508 -23.779 0.017 2.0121 0.9900
Car -1 -1 -10.0000 -1.00 -1.00 -1.00 -1.00 2.295 3.841 2.430 11.714 -29.659 0.188 1.9832 0.9491
Car -1 -1 -10.0000 -1.00 -1.00 -1.00 -1.00 2.402 3.138 1.892 13.839 -33.787 0.275 2.0615 0.7995
Pedestrian -1 -1 -10.0000 -1.00 -1.00 -1.00 -1.00 2.390 0.590 0.546 15.509 -36.698 0.367 -2.8168 0.5341
Car -1 -1 -10.0000 -1.00 -1.00 -1.00 -1.00 2.397 6.086 18.814 12.597 -9.268 -0.201 3.1273 0.9900
Car -1 -1 -10.0000 -1.00 -1.00 -1.00 -1.00 0.491 1.347 0.507 16.256 -10.861 0.645 1.8998 0.4066
Pedestrian -1 -1 -10.0000 -1.00 -1.00 -1.00 -1.00 1.786 0.670 0.547 22.182 -9.911 0.149 2.3075 0.6488
Car -1 -1 -10.0000 -1.00 -1.00 -1.00 -1.00 2.492 0.853 2.235 24.476 -7.740 -0.138 -2.8509 0.7787
Car -1 -1 -10.0000 -1.00 -1.00 -1.00 -1.00 2.804 1.265 4.203 32.549 -8.181 0.004 -2.9262 0.9484
Car -1 -1 -10.0000 -1.00 -1.00 -1.00 -1.00 3.185 1.002 8.791 42.188 -7.979 0.194 -3.0650 0.9900
Car -1 -1 -10.0000 -1.00 -1.00 -1.00 -1.00 3.092 0.375 1.545 50.664 -7.847 0.410 -2.9865 0.5610
Car -1 -1 -10.0000 -1.00 -1.00 -1.00 -1.00 3.270 5.656 3.004 54.245 -2.975 0.424 1.3459 0.9900
Car -1 -1 -10.0000 -1.00 -1.00 -1.00 -1.00 2.406 0.705 1.550 48.322 8.250 0.373 2.8269 0.4449
Car -1 -1 -10.0000 -1.00 -1.00 -1.00 -1.00 1.761 2.962 5.062 3.153 2.544 -0.519 3.1013 0.9900
Car -1 -1 -10.0000 -1.00 -1.00 -1.00 -1.00 2.840 0.635 0.612 -47.100 5.318 0.385 2.5514 0.4018
Car -1 -1 -10.0000 -1.00 -1.00 -1.00 -1.00 2.892 2.314 2.187 -53.314 -4.136 0.253 1.8356 0.8998
Car -1 -1 -10.0000 -1.00 -1.00 -1.00 -1.00 2.207 1.278 0.648 -51.476 -13.342 0.561 1.8904 0.4926
Car -1 -1 -10.0000 -1.00 -1.00 -1.00 -1.00 3.230 0.294 1.648 52.609 -7.803 0.417 -3.0902 0.4271
Car -1 -1 -10.0000 -1.00 -1.00 -1.00 -1.00 3.302 0.239 1.555 54.493 -7.811 0.422 -3.0713 0.4128
Car -1 -1 -10.0000 -1.00 -1.00 -1.00 -1.00 0.145 0.220 0.566 -1.360 27.884 0.562 -2.8815 0.3746
Car -1 -1 -10.0000 -1.00 -1.00 -1.00 -1.00 1.164 1.499 3.195 -9.618 16.472 -0.077 -2.7489 0.7929
Car -1 -1 -10.0000 -1.00 -1.00 -1.00 -1.00 1.832 1.942 0.544 -11.967 14.171 -0.417 1.4871 0.7317
Pedestrian -1 -1 -10.0000 -1.00 -1.00 -1.00 -1.00 1.583 0.836 0.606 -6.437 14.776 -0.419 2.1145 0.4390
Car -1 -1 -10.0000 -1.00 -1.00 -1.00 -1.00 0.881 0.243 0.175 -12.869 16.444 -0.022 2.1191 0.3749
Car -1 -1 -10.0000 -1.00 -1.00 -1.00 -1.00 1.929 1.738 0.919 -52.944 5.250 -0.220 1.3900 0.4922
Car -1 -1 -10.0000 -1.00 -1.00 -1.00 -1.00 3.471 0.212 1.366 56.925 -7.774 0.428 -3.0781 0.4091
Car -1 -1 -10.0000 -1.00 -1.00 -1.00 -1.00 1.633 4.557 0.796 -32.981 10.730 -0.501 1.7113 0.7825
Pedestrian -1 -1 -10.0000 -1.00 -1.00 -1.00 -1.00 1.984 1.042 1.095 -55.143 -2.997 -0.232 -2.4839 0.4301
Car -1 -1 -10.0000 -1.00 -1.00 -1.00 -1.00 1.305 1.926 1.138 -4.525 25.032 -0.654 2.1247 0.7060
Car -1 -1 -10.0000 -1.00 -1.00 -1.00 -1.00 1.552 1.852 4.178 -6.883 4.796 -0.623 -2.8921 0.9001
Car -1 -1 -10.0000 -1.00 -1.00 -1.00 -1.00 1.430 2.386 4.411 -20.549 4.147 -0.666 -2.7504 0.9508
Car -1 -1 -10.0000 -1.00 -1.00 -1.00 -1.00 0.947 0.784 1.063 -49.754 -11.672 -0.666 2.4959 0.4055
Car -1 -1 -10.0000 -1.00 -1.00 -1.00 -1.00 1.352 1.827 3.292 -17.472 -2.711 -0.723 -3.0711 0.8355
Car -1 -1 -10.0000 -1.00 -1.00 -1.00 -1.00 0.957 1.097 4.900 -26.529 8.830 -0.903 -3.0636 0.7586
Car -1 -1 -10.0000 -1.00 -1.00 -1.00 -1.00 0.872 1.532 2.611 -29.551 -7.691 -0.880 -2.9560 0.6823
Car -1 -1 -10.0000 -1.00 -1.00 -1.00 -1.00 0.887 1.343 3.137 26.910 5.245 -0.956 -3.1186 0.6613
Car -1 -1 -10.0000 -1.00 -1.00 -1.00 -1.00 0.986 1.678 3.741 21.943 5.365 -0.892 2.9573 0.8006
Car -1 -1 -10.0000 -1.00 -1.00 -1.00 -1.00 0.272 1.424 0.576 41.016 5.490 -1.255 1.6794 0.4214
Car -1 -1 -10.0000 -1.00 -1.00 -1.00 -1.00 1.235 1.268 2.341 -11.521 4.553 -0.780 -2.6665 0.7611
Car -1 -1 -10.0000 -1.00 -1.00 -1.00 -1.00 0.868 1.492 3.071 -22.493 -5.132 -0.964 -2.7638 0.6926
Car -1 -1 -10.0000 -1.00 -1.00 -1.00 -1.00 1.156 4.316 3.074 4.475 -12.155 -0.821 2.0068 0.9556
Car -1 -1 -10.0000 -1.00 -1.00 -1.00 -1.00 1.059 1.683 3.619 17.681 -2.286 -0.867 -2.6960 0.8075
Car -1 -1 -10.0000 -1.00 -1.00 -1.00 -1.00 0.920 1.402 3.519 14.408 5.433 -0.928 -3.0781 0.7739
Car -1 -1 -10.0000 -1.00 -1.00 -1.00 -1.00 1.047 2.269 3.591 0.317 -2.132 -0.785 -3.0313 0.8422
Car -1 -1 -10.0000 -1.00 -1.00 -1.00 -1.00 0.154 0.195 0.248 -0.958 1.208 -0.578 2.5353 0.4096
