Car -1 -1 -10.0000 -1.00 -1.00 -1.00 -1.00 2.517 3.766 8.214 44.020 8.908 0.599 2.8836 0.9900
Car -1 -1 -10.0000 -1.00 -1.00 -1.00 -1.00 2.072 1.597 1.177 36.833 9.132 0.434 1.0454 0.6749
Car -1 -1 -10.0000 -1.00 -1.00 -1.00 -1.00 2.595 2.074 15.603 22.844 9.234 -0.016 3.0841 0.9900
Car -1 -1 -10.0000 -1.00 -1.00 -1.00 -1.00 0.732 1.535 0.412 20.565 11.530 0.647 1.6032 0.5436
Car -1 -1 -10.0000 -1.00 -1.00 -1.00 -1.00 2.190 8.708 12.667 8.392 12.729 -0.304 3.0316 0.9900
Pedestrian -1 -1 -10.0000 -1.00 -1.00 -1.00 -1.00 2.078 0.183 0.875 6.588 14.041 -0.298 3.1345 0.7042
Car -1 -1 -10.0000 -1.00 -1.00 -1.00 -1.00 2.279 2.185 0.112 2.233 20.781 -0.188 1.6017 0.5356
Car -1 -1 -10.0000 -1.00 -1.00 -1.00 -1.00 2.434 2.443 4.663 1.010 23.777 -0.169 3.1049 0.9900
Car -1 -1 -10.0000 -1.00 -1.00 -1.00 -1.00 0.557 0.435 4.093 0.986 29.359 0.931 3.0922 0.7088
Car -1 -1 -10.0000 -1.00 -1.00 -1.00 -1.00 2.149 13.088 12.573 -7.036 15.262 -0.325 -2.6275 0.9900
Car -1 -1 -10.0000 -1.00 -1.00 -1.00 -1.00 2.261 2.699 3.419 -16.038 8.785 -0.269 2.9054 0.9900
Car -1 -1 -10.0000 -1.00 -1.00 -1.00 -1.00 2.017 2.160 7.973 -24.302 11.550 0.230 -3.1309 0.9900
Car -1 -1 -10.0000 -1.00 -1.00 -1.00 -1.00 3.072 12.128 3.186 -41.174 10.735 0.164 1.5349 0.9900
Car -1 -1 -10.0000 -1.00 -1.00 -1.00 -1.00 3.066 0.618 1.286 -46.255 5.383 0.256 3.1026 0.4330
Car -1 -1 -10.0000 -1.00 -1.00 -1.00 -1.00 3.456 3.534 3.027 -56.962 -4.822 0.445 2.2087 0.9413
Car -1 -1 -10.0000 -1.00 -1.00 -1.00 -1.00 3.181 6.828 3.243 -46.978 -7.236 0.270 1.4799 0.9900
Car -1 -1 -10.0000 -1.00 -1.00 -1.00 -1.00 3.375 4.153 4.744 -53.835 -12.556 0.478 -2.4300 0.9900
Car -1 -1 -10.0000 -1.00 -1.00 -1.00 -1.00 2.341 1.874 24.184 -9.292 -7.125 -0.229 3.1389 0.9900
Pedestrian -1 -1 -10.0000 -1.00 -1.00 -1.00 -1.00 1.805 0.204 0.266 -5.184 -4.102 -0.469 -2.5011 0.6863
Car -1 -1 -10.0000 -1.00 -1.00 -1.00 -1.00 0.393 1.473 0.806 -3.384 -9.976 0.387 2.0824 0.7057
Car -1 -1 -10.0000 -1.00 -1.00 -1.00 -1.00 0.596 3.303 1.821 1.146 -13.056 0.391 2.0241 0.7563
Car -1 -1 -10.0000 -1.00 -1.00 -1.00 -1.00 0.344 1.616 0.613 1.282 -17.735 0.656 1.8730 0.4313
Car -1 -1 -10.0000 -1.00 -1.00 -1.00 -1.00 0.504 0.247 0.986 2.312 -16.068 0.510 -3.0094 0.6417
Car -1 -1 -10.0000 -1.00 -1.00 -1.00 -1.00 2.206 3.732 3.817 11.732 -26.097 0.088 2.1333 0.9736
Car -1 -1 -10.0000 -1.00 -1.00 -1.00 -1.00 2.232 2.667 1.799 12.562 -29.992 0.229 2.1014 0.7746
Car -1 -1 -10.0000 -1.00 -1.00 -1.00 -1.00 2.432 2.839 1.986 14.756 -33.264 0.267 1.2660 0.7736
Car -1 -1 -10.0000 -1.00 -1.00 -1.00 -1.00 2.424 1.202 2.737 17.329 -36.403 0.372 -2.8772 0.8310
Car -1 -1 -10.0000 -1.00 -1.00 -1.00 -1.00 2.130 1.308 2.867 10.691 -22.828 0.007 3.1212 0.7938
Car -1 -1 -10.0000 -1.00 -1.00 -1.00 -1.00 2.423 5.309 19.009 13.491 -8.910 -0.188 3.1278 0.9900
Pedestrian -1 -1 -10.0000 -1.00 -1.00 -1.00 -1.00 1.831 0.619 0.510 22.935 -9.833 0.147 2.2884 0.6316
Car -1 -1 -10.0000 -1.00 -1.00 -1.00 -1.00 2.532 0.921 2.202 25.233 -7.793 -0.133 -2.8399 0.7847
Car -1 -1 -10.0000 -1.00 -1.00 -1.00 -1.00 2.827 1.227 4.139 33.331 -8.250 0.019 -2.9286 0.9391
Car -1 -1 -10.0000 -1.00 -1.00 -1.00 -1.00 3.082 0.934 4.461 40.829 -8.031 0.147 -2.9207 0.9082
Car -1 -1 -10.0000 -1.00 -1.00 -1.00 -1.00 2.987 0.268 2.014 44.281 -7.773 0.248 -3.1202 0.5022
Car -1 -1 -10.0000 -1.00 -1.00 -1.00 -1.00 2.868 0.203 1.687 46.408 -7.741 0.394 -3.1088 0.4980
Car -1 -1 -10.0000 -1.00 -1.00 -1.00 -1.00 3.112 0.424 1.842 51.043 -7.954 0.419 -2.9221 0.5566
Car -1 -1 -10.0000 -1.00 -1.00 -1.00 -1.00 3.327 4.815 3.062 55.097 -3.480 0.436 1.4524 0.9888
Car -1 -1 -10.0000 -1.00 -1.00 -1.00 -1.00 1.798 4.444 5.172 4.601 3.787 -0.500 2.9929 0.9900
Car -1 -1 -10.0000 -1.00 -1.00 -1.00 -1.00 2.970 0.183 1.982 53.302 -7.826 0.566 -3.1013 0.4190
Car -1 -1 -10.0000 -1.00 -1.00 -1.00 -1.00 3.247 1.149 1.114 -58.657 6.168 0.600 -2.8706 0.4787
Car -1 -1 -10.0000 -1.00 -1.00 -1.00 -1.00 2.584 2.008 1.680 -52.451 -4.265 0.130 1.6154 0.7999
Car -1 -1 -10.0000 -1.00 -1.00 -1.00 -1.00 1.932 1.251 0.699 -50.661 -13.264 0.435 1.7651 0.4763
Car -1 -1 -10.0000 -1.00 -1.00 -1.00 -1.00 1.863 1.292 3.016 -8.683 16.625 -0.432 -2.9522 0.8210
Car -1 -1 -10.0000 -1.00 -1.00 -1.00 -1.00 1.891 2.155 0.741 -11.094 14.267 -0.451 1.4385 0.7496
Car -1 -1 -10.0000 -1.00 -1.00 -1.00 -1.00 3.210 0.200 1.460 57.621 -7.940 0.580 -3.1040 0.4167
Cyclist -1 -1 -10.0000 -1.00 -1.00 -1.00 -1.00 1.383 1.234 1.719 -5.602 14.610 -0.323 2.5673 0.4822
Cyclist -1 -1 -10.0000 -1.00 -1.00 -1.00 -1.00 1.899 1.096 1.543 -51.734 5.033 -0.213 0.8670 0.4944
Car -1 -1 -10.0000 -1.00 -1.00 -1.00 -1.00 0.967 0.398 0.545 -11.807 16.597 -0.212 -2.8380 0.6134
Car -1 -1 -10.0000 -1.00 -1.00 -1.00 -1.00 1.010 4.595 0.991 -32.281 10.756 -0.192 1.7015 0.7579
Car -1 -1 -10.0000 -1.00 -1.00 -1.00 -1.00 1.854 1.931 0.090 -0.950 21.197 -0.393 1.5732 0.4387
Car -1 -1 -10.0000 -1.00 -1.00 -1.00 -1.00 1.390 3.205 1.879 -3.155 24.835 -0.678 2.0501 0.8371
Cyclist -1 -1 -10.0000 -1.00 -1.00 -1.00 -1.00 1.317 1.233 2.436 8.442 -18.305 -0.613 3.0901 0.7541
Car -1 -1 -10.0000 -1.00 -1.00 -1.00 -1.00 1.348 2.345 3.914 -19.496 4.227 -0.722 -2.7064 0.9062
Car -1 -1 -10.0000 -1.00 -1.00 -1.00 -1.00 1.358 1.846 3.283 -16.685 -2.667 -0.720 -3.0506 0.8372
Car -1 -1 -10.0000 -1.00 -1.00 -1.00 -1.00 0.624 1.038 1.063 -49.052 -11.507 -0.808 2.4386 0.3949
Car -1 -1 -10.0000 -1.00 -1.00 -1.00 -1.00 1.009 1.535 3.089 27.705 5.177 -0.895 -3.0768 0.6897
Car -1 -1 -10.0000 -1.00 -1.00 -1.00 -1.00 0.983 1.191 5.603 -25.392 9.059 -0.901 -3.1171 0.7971
Car -1 -1 -10.0000 -1.00 -1.00 -1.00 -1.00 0.819 1.769 2.503 -28.820 -7.778 -0.847 -2.8129 0.6336
Car -1 -1 -10.0000 -1.00 -1.00 -1.00 -1.00 1.149 2.344 2.970 7.369 -15.633 -0.739 2.2822 0.8171
Car -1 -1 -10.0000 -1.00 -1.00 -1.00 -1.00 0.992 1.584 3.798 22.673 5.311 -0.902 2.9542 0.7972
Car -1 -1 -10.0000 -1.00 -1.00 -1.00 -1.00 1.123 1.680 3.548 18.487 -2.321 -0.826 -2.6948 0.8115
Car -1 -1 -10.0000 -1.00 -1.00 -1.00 -1.00 1.243 1.284 2.408 -10.725 4.579 -0.771 -2.6649 0.7641
Car -1 -1 -10.0000 -1.00 -1.00 -1.00 -1.00 0.868 1.305 2.854 -21.693 -5.000 -0.958 -2.7985 0.6688
Car -1 -1 -10.0000 -1.00 -1.00 -1.00 -1.00 0.623 0.358 1.419 -24.347 3.475 -1.049 -3.0042 0.3796
Car -1 -1 -10.0000 -1.00 -1.00 -1.00 -1.00 1.122 3.962 3.673 5.845 -12.151 -0.838 2.1661 0.9720
Car -1 -1 -10.0000 -1.00 -1.00 -1.00 -1.00 0.756 0.170 0.898 16.340 4.897 -1.011 3.1333 0.4114
Car -1 -1 -10.0000 -1.00 -1.00 -1.00 -1.00 0.023 0.385 1.835 9.674 -21.124 -1.112 -2.9237 0.4756
Car -1 -1 -10.0000 -1.00 -1.00 -1.00 -1.00 0.021 0.658 2.019 9.278 -19.856 -1.157 -2.8471 0.4943
Car -1 -1 -10.0000 -1.00 -1.00 -1.00 -1.00 1.098 1.797 4.165 -6.105 4.829 -0.850 -2.9068 0.8370
Car -1 -1 -10.0000 -1.00 -1.00 -1.00 -1.00 1.103 2.231 3.685 1.127 -2.095 -0.826 -2.9902 0.8511
Car -1 -1 -10.0000 -1.00 -1.00 -1.00 -1.00 0.168 0.309 0.266 -0.959 1.156 -0.578 2.4062 0.4179
Car -1 -1 -10.0000 -1.00 -1.00 -1.00 -1.00 0.171 0.348 0.183 -0.882 -1.240 -0.581 1.2359 0.3745
